Data from: Clustering.csv
xi: 3
tau: 0.1


subspace: [2]
[0,0,0,0,0,0,0,0,0,0,0,0,0,0,0,0,0,0,0,0,0,0,0,0,0,0,0,0,0,0,0,0,0,0,0,0,0,0,0,0,0,0,0,0,0,0,0,0,0,0,0,0,0,0,0,0,0,0,0,0,0,0,0,0,0,0,0,0,0,0,0,0,0,0,0,0,0,0,0,0,0,0,0,0,0,0,0,0,0,0,0,0,0,0,0,0,0,0,0,0,0,0,0,0,0,0,0,0,0,0,0,0,0,0,0,0,0,0,0,0,0,0,0,0,0,0,0,0,0,0,0,0,0,0,0,0,0,0,0,0,0,0,0,0,0,0,0,0,0,0,0,0,0,0,0,0,0,0,0,0,0,0,0,0,0,0,0,0,0,0,0,0,0,0,0,0,0,0,0,0,0,0,0,0,0,0,0,0,0,0]

subspace: [1]
[0,0,0,0,0,0,0,0,0,0,0,0,0,0,0,0,0,0,0,0,0,0,0,0,0,0,0,0,0,0,0,0,0,0,0,0,0,0,0,0,0,0,0,0,0,0,0,0,0,0,0,0,0,0,0,0,0,0,0,0,0,0,0,0,0,0,0,0,0,0,0,0,0,0,0,0,0,0,0,0,0,0,0,0,0,0,0,0,0,0,0,0,0,0,0,0,0,0,0,0,0,0,0,0,0,0,0,0,0,0,0,0,0,0,0,0,0,0,0,0,0,0,0,0,0,0,0,0,0,0,0,0,0,0,0,0,0,0,0,0,0,0,0,0,0,0,0,0,0,0,0,0,0,0,0,0,0,0,0,0,0,0,0,0,0,0,0,0,0,0,0,0,0,0,0,0,0,0,0,0,0,0,0,0,0,0,0,0,0,0]

subspace: [0]
[0,0,0,0,0,0,0,0,0,0,0,0,0,0,0,0,0,0,0,0,0,0,0,0,0,0,0,0,0,0,0,0,0,0,0,0,0,0,0,0,0,0,0,0,0,0,0,0,0,0,0,0,0,0,0,0,0,0,0,0,0,0,0,0,0,0,0,0,0,0,0,0,0,0,0,0,0,0,0,0,0,0,0,0,0,0,0,0,0,0,0,0,0,0,0,0,0,0,0,0,0,0,0,0,0,0,0,0,0,0,0,0,0,0,0,0,0,0,0,0,0,0,0,0,0,0,0,0,0,0,0,0,0,0,0,0,0,0,0,0,0,0,0,0,0,0,0,0,0,0,0,0,0,0,0,0,0,0,0,0,0,0,0,0,0,0,0,0,0,0,0,0,0,0,0,0,0,0,0,0,0,0,0,0,0,0,0,0,0,0]

subspace: [0, 1]
[-1,-1,0,0,0,0,-1,0,0,0,0,0,0,0,0,0,-1,-1,0,-1,0,0,0,0,0,-1,0,0,0,0,0,0,0,-1,-1,0,0,0,-1,0,0,0,0,0,0,0,0,0,0,0,0,0,-1,0,0,-1,0,-1,0,0,0,0,0,0,-1,0,0,0,0,0,0,0,0,-1,0,-1,0,0,-1,0,0,0,0,0,-1,0,0,-1,0,0,0,-1,0,0,0,-1,0,0,0,0,1,1,-1,1,1,1,1,1,1,-1,1,1,1,1,1,1,1,1,1,1,1,1,1,1,1,1,1,1,1,1,1,1,1,-1,1,1,1,1,-1,1,1,1,-1,1,1,1,1,1,1,1,1,1,1,1,1,1,1,1,1,1,1,1,1,1,1,1,1,1,1,1,1,1,1,1,1,1,1,1,-1,1,1,1,1,1,1,1,1,1,-1,1]

subspace: [0, 2]
[0,-1,0,-1,-1,0,0,0,0,-1,0,0,0,-1,0,0,0,0,-1,0,0,0,0,0,0,-1,0,0,0,0,0,0,0,0,0,0,0,0,0,-1,0,0,0,0,0,0,0,0,0,-1,0,0,0,-1,-1,0,0,0,0,0,0,-1,0,0,-1,-1,0,-1,0,0,0,0,0,-1,0,0,0,0,0,0,0,0,0,0,0,0,0,0,0,0,0,0,0,0,0,-1,0,0,0,-1,1,1,-1,1,1,1,1,-1,1,1,1,-1,1,1,1,-1,1,1,1,1,1,1,1,1,1,1,1,1,1,1,1,1,1,1,1,1,1,1,-1,1,1,1,1,1,1,1,1,1,1,1,1,1,1,1,1,1,1,1,1,1,1,-1,1,-1,1,1,1,1,1,1,1,-1,1,-1,1,1,1,1,1,1,1,1,1,1,1,1,1,1,1,1]

subspace: [1, 2]
[-1,-1,0,-1,-1,0,-1,0,0,-1,0,0,0,-1,0,0,-1,-1,-1,-1,0,0,0,0,0,-1,0,0,0,0,0,0,0,-1,-1,0,0,0,-1,-1,0,0,0,0,0,0,0,0,0,-1,0,0,-1,-1,-1,-1,0,-1,0,0,0,-1,0,0,-1,-1,0,-1,0,0,0,0,0,-1,0,-1,0,0,-1,0,0,0,0,0,-1,0,0,-1,0,0,0,-1,0,0,0,-1,0,0,0,-1,1,1,-1,1,1,1,1,-1,1,-1,1,-1,1,1,1,-1,1,1,1,1,1,1,1,1,1,1,1,1,1,1,1,1,1,-1,1,1,1,1,-1,1,1,1,-1,1,1,1,1,1,1,1,1,1,1,1,1,1,1,1,1,1,1,-1,1,-1,1,1,1,1,1,1,1,-1,1,-1,1,1,1,1,-1,1,1,1,1,1,1,1,1,1,-1,1]

subspace: [0, 1, 2]
[-1,-1,0,-1,-1,0,-1,0,0,-1,0,0,0,-1,0,0,-1,-1,-1,-1,0,0,0,0,0,-1,0,0,0,0,0,0,0,-1,-1,0,0,0,-1,-1,0,0,0,0,0,0,0,0,0,-1,0,0,-1,-1,-1,-1,0,-1,0,0,0,-1,0,0,-1,-1,0,-1,0,0,0,0,0,-1,0,-1,0,0,-1,0,0,0,0,0,-1,0,0,-1,0,0,0,-1,0,0,0,-1,0,0,0,-1,1,1,-1,1,1,1,1,-1,1,-1,1,-1,1,1,1,-1,1,1,1,1,1,1,1,1,1,1,1,1,1,1,1,1,1,-1,1,1,1,1,-1,1,1,1,-1,1,1,1,1,1,1,1,1,1,1,1,1,1,1,1,1,1,1,-1,1,-1,1,1,1,1,1,1,1,-1,1,-1,1,1,1,1,-1,1,1,1,1,1,1,1,1,1,-1,1]

