Data from: RNAseq_801x25.csv
xi: 20
tau: 0.1
execution time: 0.172929048538208 s 
Maximum nmi_score: 0.3509655300546261
Average nmi_score: 0.17376211142023382


subspace: [2]
[0,0,0,0,0,0,-1,0,0,0,0,-1,0,0,0,0,-1,-1,-1,0,0,-1,0,0,-1,-1,-1,0,0,0,0,0,-1,-1,0,0,-1,-1,0,0,-1,0,0,-1,-1,0,0,-1,0,-1,0,-1,0,0,0,0,0,0,-1,0,0,-1,0,-1,0,-1,0,0,-1,0,-1,-1,0,0,0,0,0,-1,0,-1,0,-1,0,0,0,0,0,0,-1,0,0,-1,-1,0,0,0,-1,0,0,0,0,-1,0,-1,-1,-1,0,-1,0,0,0,0,0,0,0,-1,-1,-1,-1,0,-1,-1,-1,0,0,0,0,0,-1,-1,-1,0,0,0,0,-1,-1,0,-1,-1,0,0,0,-1,-1,-1,0,0,-1,-1,0,-1,0,0,0,0,0,0,0,-1,0,-1,-1,0,0,-1,-1,-1,-1,0,-1,-1,0,-1,0,0,-1,0,0,-1,0,-1,0,0,0,0,-1,-1,0,-1,-1,-1,-1,0,-1,0,0,0,0,-1,0,-1,-1,-1,-1,0,0,0,-1,0,0,0,-1,0,-1,0,0,0,-1,0,-1,-1,-1,-1,0,0,-1,0,0,0,-1,0,0,0,-1,0,-1,0,0,-1,-1,-1,0,0,-1,0,-1,0,0,-1,0,0,0,-1,0,-1,0,0,0,0,0,-1,-1,0,-1,0,-1,0,0,-1,-1,0,-1,-1,-1,0,0,0,-1,0,0,0,0,-1,-1,0,0,0,-1,-1,-1,-1,-1,0,0,-1,0,0,-1,0,0,-1,-1,0,0,-1,0,-1,0,0,0,0,0,-1,0,0,-1,0,-1,-1,-1,0,-1,0,-1,0,0,-1,0,-1,0,0,-1,0,0,0,-1,0,0,-1,0,0,0,0,0,-1,0,-1,0,-1,-1,-1,0,-1,-1,-1,0,-1,0,-1,0,0,0,-1,-1,0,-1,0,0,-1,0,-1,0,0,0,0,-1,0,0,0,-1,-1,0,0,0,0,-1,0,-1,0,0,0,0,0,-1,0,-1,-1,0,-1,-1,0,0,-1,0,0,0,0,0,0,0,0,0,0,-1,0,0,0,0,-1,0,-1,0,-1,-1,0,0,0,-1,0,-1,-1,0,0,0,-1,0,0,-1,0,-1,0,0,0,0,0,-1,0,-1,0,0,0,0,0,0,-1,0,0,-1,0,0,0,-1,-1,-1,0,0,0,-1,-1,0,0,-1,0,-1,-1,0,0,-1,0,0,0,-1,0,0,-1,0,0,0,-1,-1,-1,-1,0,-1,0,0,-1,-1,0,0,0,0,0,-1,0,0,-1,-1,-1,0,-1,-1,0,0,0,-1,0,0,0,0,-1,0,-1,-1,0,0,-1,0,-1,-1,-1,0,-1,-1,0,0,0,-1,-1,0,0,0,-1,0,0,0,-1,0,0,0,0,-1,-1,-1,-1,0,0,-1,-1,0,-1,0,0,0,0,0,-1,0,-1,-1,0,0,0,0,-1,0,0,0,0,0,-1,0,-1,0,0,-1,-1,-1,0,-1,-1,-1,0,-1,-1,-1,0,0,-1,0,0,-1,0,0,0,0,0,0,0,0,0,0,-1,0,-1,0,0,-1,0,0,0,0,-1,0,-1,0,0,-1,0,0,-1,0,-1,-1,-1,-1,-1,0,0,0,0,0,-1,-1,-1,-1,-1,0,-1,-1,0,0,-1,0,-1,0,0,0,0,0,0,-1,0,0,0,0,-1,0,-1,-1,0,0,0,0,-1,-1,0,0,-1,0,0,-1,-1,0,-1,0,0,0,-1,0,0,-1,0,0,0,0,-1,-1,-1,-1,0,-1,-1,0,0,-1,0,0,0,0,-1,0,0,0,0,-1,0,-1,0,-1,-1,0,0,-1,0,0,0,0,-1,-1,0,0,-1,0,0,-1,0,-1,0,0,-1,0,0,0,-1,0,0,-1,-1,0,0,-1,0,0,-1,0,0,0,-1,0,0,0,-1,-1,-1,0,-1,0,0,0,0,0,-1,-1,0,0,-1,-1,-1,0,-1,0,0,0,0,-1,0,0,-1,0,0,0,0,0,-1,0,-1,-1,-1,0]

subspace: [9]
[-1,-1,-1,-1,0,0,-1,-1,-1,-1,0,-1,-1,0,0,-1,0,-1,-1,-1,-1,-1,0,-1,-1,0,0,-1,0,-1,0,-1,-1,0,0,0,-1,0,0,-1,-1,-1,0,-1,-1,0,0,-1,0,-1,0,0,0,0,-1,0,0,0,-1,0,-1,0,-1,0,-1,0,-1,-1,-1,-1,-1,0,0,-1,0,0,0,-1,-1,-1,0,-1,-1,0,0,-1,0,0,-1,0,0,0,0,-1,0,-1,-1,-1,-1,0,-1,-1,0,-1,-1,-1,-1,0,-1,-1,-1,-1,0,-1,0,-1,-1,-1,0,0,0,-1,0,0,0,-1,-1,-1,-1,0,0,0,0,0,-1,-1,0,-1,-1,0,0,-1,0,-1,-1,-1,-1,-1,0,0,-1,0,0,0,-1,0,0,0,0,0,-1,-1,-1,0,0,0,-1,-1,0,-1,-1,-1,0,0,0,-1,0,0,0,-1,-1,-1,-1,-1,-1,-1,0,0,0,-1,0,-1,0,-1,-1,-1,-1,0,-1,0,-1,-1,-1,-1,-1,0,-1,-1,-1,0,0,-1,0,-1,0,-1,-1,-1,0,0,-1,0,-1,-1,-1,-1,-1,-1,0,0,0,0,-1,-1,-1,-1,-1,-1,0,-1,-1,0,-1,-1,0,0,-1,-1,0,0,0,-1,0,-1,0,-1,0,0,-1,-1,-1,0,-1,0,0,-1,-1,0,-1,-1,-1,0,-1,-1,-1,0,0,-1,-1,-1,-1,0,-1,0,-1,0,0,0,-1,-1,-1,-1,0,-1,0,-1,0,0,0,0,0,0,-1,0,0,0,-1,-1,-1,0,0,-1,-1,0,0,-1,-1,0,-1,-1,0,0,-1,0,0,-1,0,-1,-1,0,0,-1,-1,0,-1,0,-1,0,-1,0,0,0,0,-1,0,-1,-1,0,0,0,0,-1,0,-1,0,0,0,-1,0,0,0,-1,-1,0,-1,0,-1,-1,-1,-1,-1,-1,-1,0,-1,-1,-1,0,0,-1,-1,-1,-1,-1,0,0,-1,0,-1,0,0,0,-1,-1,-1,0,-1,-1,0,-1,0,0,-1,0,0,0,-1,0,0,0,0,0,0,-1,-1,0,0,0,0,0,0,-1,0,-1,0,-1,0,0,-1,0,-1,0,0,-1,0,-1,-1,-1,-1,0,0,-1,0,-1,0,0,-1,0,-1,0,-1,0,0,-1,0,-1,-1,0,-1,-1,-1,0,0,-1,-1,0,-1,-1,-1,-1,-1,0,-1,-1,-1,-1,-1,0,-1,-1,-1,-1,-1,0,0,-1,-1,-1,0,0,0,0,-1,0,0,0,-1,-1,0,0,0,0,-1,-1,-1,0,0,-1,0,-1,0,-1,-1,0,0,0,-1,-1,0,0,0,-1,-1,-1,-1,0,-1,0,-1,-1,-1,0,0,-1,-1,0,0,-1,-1,0,-1,0,-1,0,0,0,0,-1,-1,-1,0,-1,-1,0,-1,-1,0,0,0,-1,-1,-1,-1,0,-1,0,-1,-1,0,0,-1,0,-1,-1,0,-1,0,0,-1,0,0,0,-1,-1,-1,-1,0,0,0,0,0,-1,-1,0,-1,-1,-1,-1,0,0,-1,-1,-1,0,0,-1,0,0,0,-1,-1,-1,0,-1,0,-1,-1,0,0,0,0,0,-1,-1,-1,0,0,0,-1,0,0,-1,-1,-1,-1,0,-1,0,-1,0,-1,0,-1,-1,-1,0,-1,-1,0,-1,-1,0,-1,-1,0,0,0,-1,-1,-1,-1,-1,0,0,-1,0,-1,-1,0,-1,-1,0,-1,0,-1,0,-1,0,0,-1,0,0,-1,-1,-1,-1,0,-1,0,-1,0,0,-1,0,0,-1,0,-1,-1,-1,-1,0,-1,-1,0,-1,0,-1,0,-1,0,-1,0,0,0,-1,-1,0,-1,0,-1,-1,0,-1,-1,0,0,-1,0,-1,-1,-1,-1,-1,-1,-1,-1,0,0,0,0,0,0,-1,0,-1,0,0,-1,-1,-1,0,0,0,-1,0,0,0,0,-1,0,0,-1,-1,-1,-1,-1,0,0,0,0,0,-1,0,-1,0,-1,-1,0,0,-1,-1,0,-1,-1,0,-1,0,-1,-1,0,-1,0,-1,0,-1,0,-1,0,-1,0]

subspace: [8]
[0,-1,0,-1,0,0,-1,0,-1,0,0,-1,0,0,0,-1,-1,-1,-1,-1,-1,-1,0,-1,-1,0,0,0,-1,-1,0,0,-1,0,0,0,-1,0,0,0,-1,0,0,-1,-1,0,0,0,0,-1,0,0,0,0,0,0,0,0,-1,0,0,-1,-1,-1,0,0,-1,0,-1,-1,-1,0,-1,0,0,0,0,-1,0,0,0,-1,0,0,0,-1,0,-1,-1,0,0,0,0,0,0,0,0,0,0,0,-1,-1,0,-1,-1,-1,0,0,-1,0,-1,0,0,-1,0,-1,-1,-1,0,0,-1,-1,-1,0,0,0,-1,0,-1,0,0,0,-1,0,0,-1,0,0,-1,0,0,0,0,-1,0,-1,0,-1,0,0,0,0,0,0,-1,0,0,-1,0,0,0,0,-1,0,0,-1,-1,-1,0,0,-1,-1,0,0,0,0,0,-1,-1,-1,0,-1,0,0,-1,-1,-1,0,0,-1,-1,-1,-1,0,-1,0,0,0,0,-1,-1,-1,-1,-1,-1,0,-1,-1,0,0,0,-1,0,0,0,-1,0,0,-1,-1,-1,0,-1,-1,-1,0,-1,0,0,0,0,-1,-1,0,-1,0,-1,0,-1,-1,-1,0,-1,-1,-1,-1,-1,0,-1,0,-1,-1,-1,0,-1,-1,0,0,0,0,0,0,0,0,0,-1,-1,0,-1,-1,-1,0,0,0,-1,0,-1,-1,-1,0,0,0,-1,0,-1,0,0,0,-1,-1,-1,-1,0,0,0,-1,0,0,0,0,0,-1,-1,0,0,0,0,0,0,0,0,-1,0,-1,-1,0,-1,-1,-1,-1,0,0,0,0,0,-1,0,-1,0,0,0,-1,-1,0,-1,0,-1,0,0,-1,-1,-1,0,0,0,0,0,0,0,0,0,-1,0,0,0,-1,0,-1,0,0,-1,0,0,0,-1,0,-1,-1,-1,-1,-1,-1,0,0,0,0,-1,0,0,0,-1,-1,0,-1,-1,0,0,0,-1,0,0,-1,0,0,0,0,-1,0,-1,-1,0,0,0,0,0,0,-1,0,0,-1,0,0,0,0,0,0,-1,0,0,-1,0,-1,0,-1,-1,-1,0,0,-1,0,-1,0,-1,0,-1,-1,0,0,-1,0,0,0,-1,0,0,0,-1,0,-1,0,-1,0,0,-1,0,-1,0,-1,-1,0,-1,-1,-1,-1,0,0,0,0,-1,-1,0,0,-1,0,0,0,0,0,-1,-1,-1,0,-1,0,0,-1,0,0,0,0,-1,0,-1,0,0,0,0,-1,0,-1,0,0,-1,0,-1,0,0,-1,-1,0,0,-1,0,-1,0,-1,-1,0,0,0,0,-1,-1,-1,-1,0,0,-1,0,-1,0,0,0,-1,-1,0,0,-1,-1,-1,-1,-1,0,0,0,0,0,-1,-1,-1,-1,0,-1,0,-1,-1,-1,0,-1,-1,-1,0,0,-1,-1,0,0,-1,0,0,0,0,-1,-1,0,-1,0,0,0,0,-1,-1,0,-1,-1,0,-1,-1,-1,0,0,-1,-1,0,0,-1,-1,0,0,-1,0,0,-1,0,-1,0,0,0,0,-1,0,-1,0,0,0,-1,-1,-1,0,0,0,-1,-1,-1,0,0,0,0,-1,-1,0,-1,0,0,0,0,0,0,0,0,0,-1,0,-1,0,0,-1,-1,-1,-1,0,0,0,-1,0,0,0,0,-1,-1,0,-1,0,0,0,0,0,-1,0,-1,0,0,0,0,0,0,-1,0,0,-1,0,0,0,-1,0,-1,0,0,-1,-1,0,0,0,0,-1,-1,0,-1,-1,-1,-1,0,0,-1,0,0,-1,-1,0,0,0,-1,-1,-1,0,0,-1,0,-1,0,0,0,0,0,-1,0,0,0,0,-1,-1,0,0,-1,0,0,-1,0,0,0,0,0,0,0,0,0,0,0,-1,0,0,-1,0,0,0,0,0,0,0,0,0,-1,-1,0,-1,-1,0,0,0,-1,0,0,0,-1,0,0,0,-1,0,0,0,-1,0,-1,-1,0,-1,0,0,-1,0,0,0,0,0,-1,0,-1,-1,0,0]

subspace: [7]
[-1,0,-1,-1,0,-1,0,-1,0,-1,0,0,-1,0,0,0,0,0,0,-1,0,0,0,0,0,0,0,0,0,0,0,0,0,0,-1,0,0,0,0,-1,0,-1,-1,0,0,0,-1,0,0,0,0,0,0,-1,0,0,0,0,0,0,0,0,0,0,-1,0,-1,-1,0,0,0,0,0,0,0,0,0,0,-1,0,0,-1,0,0,-1,-1,0,0,0,0,-1,-1,0,0,0,-1,0,0,-1,0,0,0,0,0,0,0,0,0,0,0,-1,0,0,-1,0,0,0,0,0,0,0,0,0,0,-1,-1,-1,0,0,0,0,0,0,0,0,0,-1,0,0,0,0,-1,0,0,0,0,-1,0,0,0,0,0,0,0,0,0,0,-1,-1,0,-1,0,0,0,-1,0,0,0,0,0,0,0,0,0,0,0,0,-1,0,0,0,0,0,-1,-1,-1,0,0,0,0,0,0,0,-1,0,0,0,0,0,0,0,0,0,0,0,-1,0,-1,0,0,0,0,-1,0,-1,0,0,0,0,0,0,0,-1,0,0,0,0,-1,0,0,0,-1,0,0,0,-1,0,0,0,0,0,0,-1,0,0,0,0,0,0,0,0,-1,0,0,-1,0,-1,-1,-1,0,0,0,0,0,0,-1,0,0,0,0,0,0,0,-1,0,-1,0,0,0,0,0,0,0,0,0,0,0,0,0,0,0,0,0,0,0,0,0,0,0,-1,0,0,0,0,-1,0,0,0,0,0,-1,0,0,0,0,-1,-1,0,0,0,0,0,0,-1,0,0,0,0,0,0,-1,0,0,0,0,-1,0,0,0,-1,0,0,0,0,0,0,0,0,-1,0,0,0,0,0,0,0,0,0,0,0,0,0,0,0,0,-1,0,0,0,0,0,0,-1,0,-1,0,0,0,0,0,0,0,0,0,-1,0,0,0,0,0,-1,0,0,0,0,0,0,0,0,0,0,-1,0,0,-1,0,0,0,0,0,0,-1,0,-1,0,0,0,0,0,0,0,-1,0,0,0,-1,0,-1,0,0,0,0,0,-1,0,0,0,0,0,0,0,0,0,-1,0,0,0,0,-1,0,-1,0,0,0,0,0,0,0,0,0,0,0,0,0,0,-1,0,0,0,0,0,-1,0,0,0,0,0,-1,-1,0,-1,0,0,-1,0,0,-1,0,0,0,0,0,0,0,0,0,-1,-1,0,-1,0,0,0,0,0,0,0,0,0,0,0,0,0,0,0,0,0,-1,-1,-1,0,0,0,0,0,0,-1,0,0,0,0,0,0,0,0,0,0,-1,0,0,0,0,0,0,0,-1,0,0,-1,0,0,0,0,0,0,0,0,-1,0,0,0,0,0,0,0,-1,0,0,0,0,0,-1,0,0,0,0,0,0,0,-1,0,0,0,0,-1,0,0,-1,0,0,0,0,0,0,0,0,0,0,0,0,-1,-1,0,0,0,0,0,0,0,-1,-1,0,0,0,0,0,0,0,0,0,-1,0,0,0,-1,0,0,0,0,0,0,0,0,0,0,0,0,0,0,0,-1,0,0,0,0,0,0,0,0,0,0,0,0,0,0,0,-1,-1,-1,0,-1,-1,0,0,0,0,0,0,0,0,0,0,0,0,-1,0,0,0,-1,0,-1,0,0,0,-1,0,-1,0,0,0,-1,0,0,0,0,-1,0,0,0,0,0,0,0,0,-1,0,0,-1,0,0,0,0,0,0,-1,-1,0,-1,-1,0,0,0,0,0,0,0,0,0,0,0,0,-1,0,0,0,0,0,0,-1,0,0,-1,0,-1,0,0,0,0,0,0,0,0,-1,0,-1,0,0,0,-1,0,0,0,0,0,0,0,0,0,0,0,0,0,0,0,0,0,0,0,0,0,0,0,0,-1,0,0,0,0,-1,-1,0,0,0,0,-1,0,0,0,-1,-1,-1]

subspace: [3]
[-1,0,-1,0,0,-1,-1,0,0,0,-1,-1,0,0,0,0,-1,-1,-1,-1,0,-1,-1,0,-1,0,0,0,0,0,0,0,-1,-1,0,0,-1,-1,0,-1,-1,0,0,-1,-1,0,0,0,0,0,0,-1,0,0,0,0,0,0,-1,-1,0,0,-1,-1,0,0,0,0,-1,-1,-1,-1,-1,0,-1,0,-1,-1,0,0,0,-1,0,0,0,0,0,0,-1,-1,0,-1,-1,-1,0,0,-1,0,-1,-1,0,-1,-1,-1,0,-1,-1,0,0,-1,0,0,-1,0,0,-1,-1,-1,0,-1,-1,-1,-1,0,0,0,0,-1,-1,0,0,-1,0,0,0,-1,-1,0,-1,0,0,0,0,-1,-1,0,0,0,0,0,-1,0,0,0,0,-1,-1,0,-1,-1,0,0,-1,-1,0,-1,0,-1,-1,-1,-1,-1,0,-1,-1,0,-1,0,-1,-1,0,-1,0,0,0,0,0,-1,0,-1,-1,-1,-1,-1,-1,-1,0,0,0,0,-1,-1,-1,-1,-1,0,0,-1,0,-1,-1,0,-1,0,0,-1,0,0,0,0,-1,-1,-1,-1,-1,-1,-1,-1,-1,0,0,0,0,0,-1,0,-1,-1,0,-1,-1,0,-1,-1,-1,0,-1,-1,0,0,0,0,0,-1,0,-1,-1,0,-1,0,0,0,0,0,0,0,-1,0,-1,-1,-1,0,0,0,-1,0,0,0,-1,0,0,-1,0,-1,-1,-1,-1,0,-1,-1,-1,-1,0,0,-1,-1,0,-1,-1,0,-1,-1,0,0,0,0,0,-1,0,-1,0,-1,0,0,0,0,-1,-1,-1,-1,-1,0,-1,-1,0,-1,0,-1,0,0,0,0,-1,0,0,0,-1,0,0,0,-1,-1,0,0,-1,0,0,0,0,0,0,-1,0,-1,0,-1,-1,-1,0,0,0,0,-1,0,-1,0,-1,0,0,-1,-1,0,0,-1,0,0,-1,0,-1,0,-1,-1,-1,0,0,0,0,0,-1,0,0,0,0,0,0,0,-1,0,0,-1,0,0,0,0,-1,-1,0,-1,-1,0,0,0,0,0,0,0,0,0,0,-1,0,0,-1,-1,0,-1,0,0,-1,-1,-1,-1,0,0,0,-1,0,0,-1,0,0,0,-1,0,0,0,-1,-1,-1,0,-1,0,-1,0,0,-1,-1,0,-1,-1,0,-1,-1,-1,-1,0,0,0,-1,-1,-1,-1,-1,-1,-1,0,0,0,-1,-1,-1,0,-1,0,-1,0,-1,-1,0,0,0,0,-1,0,-1,-1,0,0,0,0,-1,0,0,0,-1,0,0,0,-1,0,0,-1,-1,-1,0,0,-1,0,0,0,0,-1,0,-1,-1,-1,0,0,0,-1,0,-1,0,-1,-1,-1,0,0,-1,0,-1,0,0,0,-1,-1,0,-1,0,-1,-1,0,-1,0,-1,-1,0,0,-1,-1,-1,0,0,-1,0,0,-1,-1,0,-1,0,0,-1,-1,-1,-1,-1,-1,0,-1,-1,-1,0,-1,0,0,0,0,0,-1,-1,-1,-1,0,0,-1,-1,0,0,0,0,-1,-1,0,0,-1,-1,0,-1,0,0,-1,0,0,0,-1,0,0,-1,0,0,0,0,-1,0,-1,-1,-1,-1,-1,0,-1,-1,0,-1,-1,0,0,-1,0,-1,0,-1,-1,-1,-1,-1,-1,0,-1,-1,-1,0,-1,0,0,-1,-1,0,0,-1,0,0,0,-1,-1,0,-1,0,-1,0,-1,0,0,-1,-1,-1,0,0,-1,0,-1,0,-1,0,-1,0,0,-1,-1,0,-1,-1,0,-1,0,0,0,-1,-1,-1,0,-1,-1,0,-1,0,0,0,0,0,-1,-1,0,0,0,-1,0,-1,0,-1,-1,0,-1,-1,0,0,-1,0,-1,-1,0,0,-1,-1,-1,-1,0,-1,-1,0,-1,-1,0,-1,0,0,0,-1,0,0,0,-1,0,0,0,0,-1,-1,-1,0,-1,0,-1,-1,-1,0,-1,-1,-1,0,0,-1,-1,-1,-1,-1,-1,-1,-1,-1,-1,0,0,-1,0,-1,0,-1,-1,0,0,0,-1,0,-1,0,-1,-1,0,-1]

subspace: [1]
[-1,0,-1,-1,-1,0,-1,-1,-1,0,-1,0,-1,-1,-1,-1,-1,-1,-1,-1,-1,-1,-1,-1,0,0,0,-1,-1,-1,-1,-1,-1,-1,-1,-1,-1,-1,-1,-1,0,0,-1,0,0,-1,0,-1,-1,0,-1,0,-1,-1,-1,-1,-1,0,0,-1,-1,-1,-1,0,-1,-1,-1,0,0,-1,0,-1,-1,-1,-1,-1,-1,-1,0,-1,-1,-1,-1,-1,-1,0,-1,-1,-1,-1,-1,-1,-1,-1,-1,-1,0,-1,0,-1,-1,0,-1,-1,0,0,-1,0,-1,0,-1,-1,0,0,-1,-1,-1,-1,-1,-1,-1,0,0,-1,0,0,-1,-1,0,-1,0,-1,-1,-1,-1,0,0,-1,-1,-1,-1,0,-1,-1,-1,-1,-1,-1,0,0,-1,-1,-1,-1,-1,-1,-1,-1,-1,-1,-1,0,0,-1,-1,0,-1,0,0,-1,-1,-1,-1,-1,-1,-1,-1,0,-1,0,-1,-1,-1,-1,-1,-1,-1,0,-1,-1,0,-1,0,-1,0,-1,-1,-1,-1,-1,-1,-1,-1,-1,0,-1,-1,-1,-1,-1,-1,-1,0,-1,0,-1,-1,-1,0,-1,-1,-1,0,0,-1,-1,0,0,-1,0,-1,-1,-1,-1,0,0,0,0,-1,0,-1,-1,0,-1,0,-1,-1,-1,-1,-1,-1,0,0,-1,0,-1,-1,0,0,-1,-1,-1,-1,-1,-1,-1,0,-1,-1,0,0,-1,-1,-1,-1,-1,-1,-1,-1,-1,-1,-1,-1,0,0,-1,-1,-1,-1,0,0,0,-1,-1,-1,0,-1,-1,-1,-1,-1,-1,-1,0,0,-1,-1,-1,0,-1,-1,-1,-1,-1,-1,-1,0,-1,0,-1,0,-1,-1,-1,-1,-1,-1,0,-1,-1,0,-1,-1,-1,-1,-1,-1,-1,0,-1,-1,-1,-1,-1,-1,-1,-1,-1,0,0,-1,-1,0,-1,0,0,-1,-1,-1,-1,-1,0,0,-1,-1,0,-1,-1,-1,0,-1,-1,-1,-1,0,-1,-1,-1,-1,-1,0,-1,-1,0,-1,-1,-1,-1,0,-1,-1,-1,-1,-1,0,0,-1,-1,-1,0,-1,-1,-1,0,-1,-1,-1,-1,-1,-1,-1,-1,-1,0,-1,-1,-1,-1,-1,-1,-1,-1,-1,0,0,-1,-1,0,0,-1,0,-1,-1,-1,0,0,-1,-1,-1,-1,-1,-1,-1,-1,-1,-1,-1,-1,0,-1,-1,-1,-1,-1,-1,-1,-1,-1,0,-1,-1,-1,0,0,-1,0,0,-1,0,0,-1,-1,-1,0,0,-1,-1,0,-1,-1,-1,-1,0,0,-1,-1,0,-1,-1,-1,-1,-1,-1,-1,0,-1,-1,-1,-1,0,-1,-1,-1,-1,0,-1,-1,-1,0,-1,-1,-1,0,-1,-1,-1,-1,0,-1,-1,-1,0,-1,-1,-1,-1,0,-1,-1,-1,0,-1,-1,-1,0,-1,-1,0,0,-1,-1,-1,0,0,-1,-1,-1,0,-1,-1,-1,-1,-1,-1,0,0,-1,0,-1,-1,-1,-1,-1,0,0,0,-1,0,-1,-1,-1,0,-1,-1,-1,-1,0,-1,-1,0,-1,0,-1,-1,0,-1,-1,0,-1,0,-1,-1,0,0,-1,0,-1,-1,-1,-1,0,0,-1,-1,-1,-1,-1,-1,-1,0,0,-1,-1,0,-1,-1,-1,-1,0,-1,0,-1,-1,-1,-1,-1,-1,-1,0,-1,-1,-1,-1,-1,-1,-1,-1,-1,-1,-1,0,-1,-1,0,0,-1,-1,-1,-1,-1,-1,-1,-1,-1,-1,-1,0,-1,0,-1,0,-1,-1,-1,-1,-1,-1,-1,-1,-1,-1,-1,-1,-1,-1,-1,-1,-1,-1,-1,-1,-1,-1,0,-1,-1,0,-1,-1,-1,0,0,-1,-1,-1,-1,-1,-1,-1,-1,0,-1,0,-1,0,-1,0,-1,-1,0,-1,-1,-1,0,0,-1,0,-1,-1,-1,0,-1,-1,-1,0,-1,-1,-1,-1,-1,-1,0,-1,-1,-1,-1,-1,-1,0,-1,-1,-1,-1,0,-1,-1,-1,-1,0,-1,-1,-1,-1,-1,-1,-1,-1,-1,-1,0,-1,-1,-1,0,0,0,-1,0,-1,-1,-1,0,-1,0,-1,-1,-1,0,-1,0,0,0,-1,-1,-1,-1,-1,-1,-1,0,-1,-1,-1,-1,0,0,-1,0,-1,-1,0]

subspace: [6]
[-1,-1,0,0,0,0,-1,0,0,0,-1,-1,-1,0,-1,-1,-1,-1,-1,-1,0,-1,-1,-1,-1,-1,-1,0,0,0,0,0,-1,-1,0,0,-1,-1,0,-1,-1,0,-1,-1,-1,0,-1,-1,0,-1,-1,-1,0,0,-1,0,0,-1,-1,0,-1,-1,0,-1,-1,-1,0,-1,-1,0,-1,-1,0,-1,-1,-1,-1,-1,-1,-1,0,-1,0,0,0,-1,-1,0,-1,0,0,-1,0,-1,-1,0,-1,-1,-1,-1,0,-1,-1,-1,-1,-1,-1,-1,-1,0,-1,0,-1,0,0,-1,-1,-1,0,-1,-1,-1,-1,0,0,-1,-1,0,-1,-1,-1,0,-1,0,0,-1,-1,-1,-1,-1,0,-1,0,-1,-1,-1,-1,0,-1,-1,-1,-1,0,-1,-1,-1,-1,0,-1,-1,-1,-1,-1,-1,0,-1,-1,-1,-1,0,-1,-1,0,-1,0,0,0,-1,0,-1,-1,-1,0,0,-1,-1,-1,-1,-1,-1,-1,-1,-1,-1,-1,0,-1,0,-1,-1,0,-1,-1,-1,-1,-1,0,0,0,-1,-1,0,0,-1,0,0,0,-1,-1,-1,-1,-1,-1,-1,-1,-1,-1,-1,-1,-1,-1,-1,-1,0,-1,0,-1,-1,0,-1,-1,-1,-1,-1,-1,-1,-1,-1,0,-1,0,-1,-1,-1,-1,-1,-1,0,-1,-1,-1,-1,-1,-1,-1,-1,-1,0,0,-1,-1,0,-1,-1,-1,-1,-1,0,-1,0,0,0,0,-1,-1,0,0,0,-1,-1,-1,-1,0,-1,-1,-1,-1,0,-1,-1,0,0,-1,-1,0,0,0,0,-1,0,-1,0,-1,-1,-1,0,-1,-1,-1,-1,-1,-1,-1,0,0,0,-1,-1,0,0,-1,0,-1,-1,-1,-1,-1,-1,0,-1,0,-1,0,-1,-1,-1,0,-1,0,-1,0,-1,0,-1,-1,-1,-1,-1,0,0,0,-1,-1,-1,-1,-1,-1,-1,0,-1,0,-1,0,-1,0,-1,-1,0,-1,-1,-1,-1,-1,-1,0,0,-1,-1,-1,0,-1,0,0,0,-1,-1,-1,-1,-1,-1,-1,-1,0,-1,-1,0,0,-1,-1,0,0,0,-1,-1,-1,0,-1,-1,0,-1,-1,-1,-1,-1,-1,-1,-1,-1,-1,-1,-1,-1,-1,-1,-1,-1,0,0,-1,0,-1,0,0,-1,-1,-1,-1,-1,-1,-1,-1,-1,-1,0,0,-1,-1,0,-1,0,-1,-1,-1,-1,-1,0,-1,0,-1,-1,0,-1,-1,-1,-1,-1,0,0,-1,0,0,-1,-1,0,-1,0,0,-1,0,0,-1,-1,-1,-1,-1,-1,0,0,0,0,-1,-1,-1,-1,-1,0,-1,-1,-1,-1,-1,-1,-1,-1,0,-1,-1,-1,-1,-1,0,-1,-1,-1,-1,0,-1,-1,-1,-1,-1,-1,-1,-1,-1,0,-1,-1,-1,-1,-1,0,-1,-1,0,-1,-1,-1,-1,-1,-1,0,-1,-1,-1,-1,0,-1,-1,-1,0,-1,-1,-1,-1,-1,-1,-1,-1,-1,-1,-1,-1,-1,0,-1,-1,0,0,0,-1,-1,0,-1,0,-1,-1,-1,-1,-1,-1,-1,-1,0,0,-1,-1,-1,-1,0,-1,0,-1,0,-1,-1,-1,-1,-1,-1,-1,-1,0,-1,0,-1,0,-1,-1,0,0,0,-1,-1,0,-1,-1,0,-1,-1,0,0,0,0,-1,-1,-1,-1,-1,0,-1,0,0,-1,-1,-1,-1,-1,-1,-1,-1,0,-1,-1,0,0,-1,-1,0,-1,-1,-1,-1,0,0,-1,-1,-1,0,-1,-1,-1,-1,-1,0,-1,-1,0,0,-1,0,-1,-1,-1,-1,-1,-1,-1,-1,-1,-1,-1,-1,-1,-1,0,-1,-1,-1,-1,-1,-1,-1,-1,0,0,-1,0,0,-1,-1,-1,0,-1,-1,-1,-1,0,-1,0,-1,-1,0,0,-1,-1,-1,0,0,-1,-1,-1,-1,-1,0,-1,-1,0,-1,-1,0,-1,-1,-1,-1,-1,-1,-1,-1,-1,-1,-1,-1,-1,-1,-1,0,-1,0,-1,-1,-1,-1,-1,-1,-1,-1,-1,0,0,0,-1,0,-1,-1,-1,-1,-1,-1,-1,-1,-1,0,0,0,0,-1,0,-1,-1,0,0,0,0,0,-1,0,-1,-1,0,-1]

subspace: [5]
[0,-1,0,0,0,0,0,0,0,0,0,0,0,0,0,0,-1,0,0,0,0,0,-1,0,0,-1,0,0,-1,0,0,0,-1,-1,0,-1,0,-1,0,0,0,0,0,0,0,0,0,0,0,-1,0,-1,0,0,0,0,0,0,-1,0,-1,-1,0,-1,0,0,0,0,0,0,-1,0,0,-1,0,-1,0,0,0,0,0,0,0,0,0,0,-1,0,0,0,0,0,-1,0,0,0,0,0,-1,-1,0,0,0,-1,-1,0,-1,-1,-1,-1,0,0,-1,0,0,0,0,0,-1,0,-1,0,-1,0,0,0,0,0,0,-1,0,0,0,0,0,0,-1,-1,0,0,0,0,0,0,-1,0,0,0,-1,-1,-1,-1,0,0,-1,0,0,0,0,-1,0,-1,0,0,0,-1,0,0,-1,0,0,-1,0,-1,0,0,0,0,0,0,0,-1,0,0,0,0,-1,-1,-1,-1,-1,0,-1,0,-1,0,0,0,-1,-1,0,0,0,0,0,0,0,0,0,-1,-1,0,0,0,0,0,0,0,-1,0,0,-1,-1,0,-1,0,0,0,0,-1,-1,0,0,0,0,0,0,0,0,0,0,-1,-1,0,-1,-1,-1,0,-1,0,0,0,0,0,0,0,0,0,-1,0,0,0,-1,-1,0,0,-1,-1,0,0,0,0,0,0,0,0,0,0,0,0,0,0,0,-1,-1,0,0,-1,0,0,0,0,-1,0,0,0,0,0,-1,0,0,0,0,-1,0,0,0,0,0,-1,0,0,-1,-1,-1,-1,0,-1,-1,0,-1,0,0,0,0,0,0,0,0,0,0,0,0,0,-1,0,0,-1,0,-1,0,0,0,-1,-1,-1,0,-1,0,-1,0,0,0,0,0,-1,0,0,0,0,0,0,-1,0,0,0,0,-1,0,0,0,0,0,-1,0,-1,0,0,0,0,0,0,0,0,0,0,-1,0,0,0,0,0,0,0,-1,-1,0,-1,-1,0,0,0,0,-1,0,0,0,0,-1,0,0,0,0,0,0,0,-1,0,0,-1,0,0,0,0,-1,0,-1,0,0,0,0,-1,0,0,-1,0,0,-1,-1,0,-1,0,0,0,0,0,0,-1,0,0,0,0,0,0,0,0,-1,0,0,0,0,-1,-1,0,0,0,0,0,0,0,0,0,0,0,-1,-1,0,0,-1,0,0,-1,0,-1,0,-1,-1,-1,0,0,-1,-1,0,0,-1,0,0,0,0,0,0,0,0,-1,0,0,0,-1,-1,-1,-1,0,-1,-1,-1,0,-1,0,-1,0,0,0,0,-1,0,0,0,-1,0,0,-1,0,0,0,0,0,0,0,0,-1,0,0,0,-1,0,0,0,0,0,-1,-1,0,0,0,0,0,0,0,-1,0,-1,0,-1,-1,-1,-1,-1,0,0,0,-1,0,0,0,0,0,-1,-1,0,0,-1,-1,0,0,-1,0,-1,-1,0,-1,0,-1,0,-1,0,0,0,-1,0,-1,0,0,0,0,-1,0,0,0,-1,0,0,0,0,0,0,0,-1,0,-1,0,0,0,0,0,0,-1,0,-1,0,-1,0,0,0,0,0,-1,-1,-1,0,0,0,0,0,0,-1,-1,0,0,-1,0,0,0,0,0,0,0,0,0,0,-1,0,0,0,0,0,-1,-1,0,0,0,0,0,-1,0,-1,-1,-1,0,0,0,0,0,-1,0,0,-1,0,0,0,-1,0,-1,0,0,0,0,-1,-1,0,-1,0,0,-1,0,0,0,-1,0,0,0,0,0,0,0,0,0,0,0,0,0,-1,-1,-1,0,0,-1,0,0,0,-1,0,0,0,0,0,-1,0,0,-1,0,0,-1,0,0,0,0,0,0,0,-1,0,0,-1,0,0,-1,0,0,0,-1,0,-1,-1,-1,-1,0,0,0,0,0,0,-1,0,-1,-1,-1,-1,0,-1,-1,-1,0,0,0,0,0,0,0,0,-1,0,0,0,0,0,-1,0,-1,0,-1,0]

subspace: [4]
[0,-1,-1,0,0,0,-1,-1,0,0,-1,-1,-1,0,0,0,-1,-1,-1,0,0,-1,-1,0,-1,-1,-1,0,-1,-1,0,0,-1,0,0,-1,-1,-1,0,0,-1,0,0,-1,-1,0,-1,-1,0,-1,0,-1,0,0,-1,-1,0,-1,-1,0,-1,-1,-1,-1,0,-1,0,0,-1,0,-1,0,0,-1,0,-1,0,-1,-1,-1,0,-1,0,0,-1,0,0,0,-1,-1,0,-1,-1,-1,0,-1,-1,0,0,0,0,-1,0,-1,-1,-1,-1,-1,-1,-1,0,0,-1,0,0,-1,-1,-1,0,0,-1,-1,-1,0,0,0,0,0,-1,-1,-1,0,-1,0,0,-1,-1,0,-1,-1,0,0,0,-1,-1,-1,0,0,-1,-1,-1,-1,0,0,-1,0,0,0,0,-1,-1,-1,-1,0,-1,-1,-1,-1,-1,0,-1,-1,0,-1,0,0,0,-1,0,-1,-1,-1,0,-1,0,0,-1,-1,0,-1,-1,-1,-1,0,-1,0,0,0,-1,-1,0,-1,-1,-1,-1,0,-1,0,0,-1,-1,-1,-1,0,0,0,0,0,-1,0,-1,-1,-1,-1,-1,0,-1,0,-1,-1,-1,0,-1,0,-1,-1,-1,-1,0,-1,-1,-1,0,-1,-1,-1,-1,0,0,-1,-1,-1,-1,0,-1,-1,-1,-1,-1,0,-1,-1,-1,-1,-1,0,-1,-1,-1,-1,-1,0,-1,-1,-1,0,0,0,-1,0,-1,0,0,-1,-1,-1,0,0,-1,-1,-1,-1,0,0,0,-1,0,0,-1,-1,0,0,-1,-1,0,0,0,-1,-1,0,0,-1,-1,-1,-1,0,-1,0,-1,-1,-1,-1,-1,0,0,0,-1,-1,0,0,0,-1,-1,0,-1,0,-1,0,0,-1,0,0,0,-1,-1,-1,0,0,-1,-1,0,-1,-1,-1,-1,-1,0,-1,0,0,0,-1,-1,-1,-1,0,-1,-1,0,-1,-1,-1,0,-1,0,-1,-1,0,0,-1,-1,-1,-1,-1,0,0,0,-1,-1,-1,-1,0,-1,0,-1,-1,-1,-1,0,-1,-1,-1,0,-1,0,0,-1,0,-1,0,0,0,0,0,-1,0,-1,0,0,-1,0,0,0,-1,-1,0,0,0,-1,0,-1,-1,0,0,-1,-1,0,0,-1,-1,-1,-1,0,0,-1,0,-1,-1,-1,-1,-1,0,0,-1,0,-1,-1,0,-1,0,0,-1,-1,-1,-1,-1,-1,0,-1,-1,0,-1,-1,-1,-1,-1,0,0,0,-1,0,-1,-1,-1,-1,-1,0,-1,0,0,-1,-1,-1,-1,-1,0,0,-1,-1,0,0,-1,0,-1,-1,0,0,-1,-1,-1,-1,-1,-1,-1,0,0,-1,0,-1,0,0,-1,0,-1,-1,0,0,-1,-1,-1,-1,-1,0,-1,-1,0,0,0,-1,-1,0,0,-1,-1,0,0,0,-1,-1,-1,-1,0,-1,-1,-1,-1,0,0,-1,-1,-1,-1,-1,-1,-1,-1,-1,-1,0,-1,-1,0,-1,0,0,-1,-1,-1,0,-1,-1,-1,0,-1,0,-1,-1,-1,-1,-1,-1,-1,-1,0,-1,-1,-1,-1,0,-1,0,0,-1,0,-1,0,-1,-1,-1,-1,0,0,0,-1,0,-1,0,-1,-1,0,-1,-1,0,-1,0,-1,0,0,-1,0,0,0,0,0,-1,-1,-1,0,0,0,-1,-1,0,-1,-1,-1,-1,-1,-1,-1,-1,0,-1,-1,0,0,-1,0,0,-1,0,0,-1,-1,0,-1,0,-1,0,-1,-1,-1,0,0,0,-1,-1,0,0,-1,0,0,-1,-1,0,-1,-1,0,-1,-1,-1,-1,-1,-1,0,0,0,-1,-1,-1,-1,0,-1,-1,0,0,-1,0,0,0,0,-1,0,-1,0,-1,-1,0,-1,0,-1,-1,0,-1,-1,0,0,-1,0,-1,-1,0,-1,-1,0,-1,-1,0,-1,-1,0,0,0,-1,0,-1,-1,0,-1,-1,0,0,0,0,-1,-1,0,0,0,-1,0,-1,-1,-1,-1,-1,-1,-1,0,0,0,-1,0,-1,-1,-1,-1,-1,-1,-1,-1,-1,0,0,0,0,-1,0,0,-1,0,0,0,0,0,-1,0,-1,-1,0,-1]

subspace: [0]
[-1,0,-1,-1,-1,0,-1,-1,-1,0,-1,0,-1,-1,-1,-1,0,0,0,0,-1,-1,-1,-1,-1,-1,-1,-1,-1,-1,-1,-1,0,-1,-1,-1,0,-1,-1,-1,0,0,0,0,0,-1,0,-1,-1,-1,-1,-1,-1,-1,-1,-1,-1,-1,-1,-1,-1,0,-1,-1,-1,-1,-1,0,0,-1,0,-1,-1,-1,-1,-1,-1,0,-1,-1,-1,0,-1,-1,0,0,-1,-1,-1,-1,0,-1,-1,-1,-1,0,-1,-1,-1,-1,-1,0,-1,-1,-1,-1,-1,-1,-1,0,-1,-1,0,0,-1,-1,0,0,-1,-1,-1,0,0,-1,0,-1,0,-1,0,-1,-1,-1,-1,-1,-1,0,-1,-1,-1,-1,-1,0,-1,0,-1,-1,-1,-1,0,-1,0,-1,-1,-1,0,-1,-1,0,0,-1,0,-1,0,-1,0,-1,-1,0,0,-1,0,-1,-1,-1,-1,-1,-1,0,-1,0,-1,0,-1,-1,0,0,0,-1,-1,0,-1,0,-1,-1,0,-1,-1,-1,-1,0,-1,0,0,-1,0,0,-1,0,-1,0,0,-1,-1,-1,0,-1,-1,-1,0,-1,0,0,0,0,0,-1,0,-1,-1,0,-1,0,-1,-1,0,-1,0,-1,-1,0,0,-1,0,-1,-1,-1,0,-1,-1,-1,-1,0,0,-1,0,0,0,0,0,-1,-1,-1,0,-1,-1,0,0,-1,-1,-1,0,-1,-1,-1,-1,0,-1,-1,-1,-1,-1,-1,-1,-1,0,-1,-1,-1,0,0,-1,0,-1,-1,-1,0,-1,-1,0,0,-1,-1,-1,-1,-1,-1,-1,-1,-1,-1,-1,-1,-1,-1,0,0,-1,-1,0,0,-1,-1,-1,-1,-1,-1,-1,0,-1,-1,-1,-1,0,-1,0,0,0,-1,-1,-1,-1,-1,-1,-1,-1,0,-1,-1,0,-1,-1,0,-1,-1,0,-1,-1,0,-1,-1,-1,-1,-1,-1,0,0,0,-1,-1,-1,-1,-1,0,0,0,-1,0,-1,-1,-1,0,-1,-1,-1,0,-1,-1,-1,0,0,0,-1,-1,-1,0,0,-1,-1,-1,0,-1,-1,-1,-1,0,-1,-1,-1,-1,-1,-1,-1,-1,0,-1,-1,-1,-1,-1,0,-1,-1,-1,0,-1,-1,-1,0,0,-1,-1,-1,-1,-1,0,0,-1,-1,-1,-1,0,0,-1,-1,-1,-1,0,-1,-1,-1,0,-1,-1,-1,-1,-1,-1,-1,0,-1,-1,0,0,-1,-1,-1,-1,-1,0,0,-1,-1,0,-1,0,-1,-1,0,0,-1,-1,0,-1,-1,-1,0,-1,0,-1,-1,-1,0,0,-1,-1,-1,-1,-1,-1,-1,-1,-1,-1,-1,0,-1,-1,0,-1,0,-1,0,-1,0,-1,-1,-1,-1,-1,0,-1,-1,-1,0,-1,0,0,0,-1,0,-1,-1,-1,0,0,-1,-1,-1,-1,-1,-1,-1,-1,0,-1,-1,-1,0,0,-1,0,-1,0,-1,0,0,-1,-1,-1,0,-1,-1,-1,-1,0,-1,-1,-1,-1,-1,-1,0,-1,-1,-1,0,-1,-1,-1,-1,-1,0,-1,0,0,-1,-1,0,-1,-1,-1,0,-1,-1,-1,-1,0,-1,-1,0,0,-1,0,-1,0,-1,-1,-1,-1,-1,0,-1,-1,-1,-1,0,-1,-1,-1,-1,-1,-1,-1,0,-1,-1,-1,-1,0,-1,-1,-1,-1,-1,-1,-1,-1,-1,-1,-1,-1,-1,-1,0,-1,0,-1,0,0,-1,-1,-1,-1,-1,-1,-1,0,0,0,0,-1,0,-1,-1,-1,-1,-1,0,-1,0,-1,-1,-1,-1,-1,0,0,-1,-1,0,-1,-1,-1,0,0,0,0,0,-1,0,0,-1,-1,-1,-1,-1,-1,-1,0,-1,0,-1,0,0,-1,-1,0,-1,-1,-1,-1,-1,-1,0,0,0,0,0,0,-1,-1,0,-1,-1,-1,-1,-1,-1,-1,0,-1,-1,-1,-1,-1,-1,0,-1,0,-1,-1,-1,-1,0,-1,-1,-1,-1,0,0,-1,-1,0,-1,-1,0,-1,-1,-1,0,-1,-1,-1,0,-1,0,-1,-1,-1,-1,-1,-1,-1,0,0,-1,0,-1,-1,-1,-1,0,-1,-1,-1,-1,-1,-1,-1,-1,-1,-1,-1,-1,-1,0,-1,-1,0,0,-1]

subspace: [8, 2]
[0,-1,0,-1,0,0,-1,0,-1,0,-1,-1,0,0,0,-1,-1,-1,-1,-1,-1,-1,0,-1,-1,-1,-1,0,-1,-1,-1,0,-1,-1,0,0,-1,-1,0,0,-1,0,0,-1,-1,0,0,-1,0,-1,0,-1,0,0,0,0,0,0,-1,0,-1,-1,-1,-1,-1,-1,-1,0,-1,-1,-1,-1,-1,0,0,0,0,-1,0,-1,0,-1,0,0,-1,-1,0,-1,-1,0,0,-1,-1,0,0,-1,-1,0,-1,0,-1,-1,0,-1,-1,-1,0,-1,-1,0,-1,0,0,-1,0,-1,-1,-1,-1,0,-1,-1,-1,0,-1,0,-1,0,-1,-1,-1,0,-1,0,0,-1,-1,0,-1,-1,0,-1,0,-1,-1,-1,0,-1,-1,-1,0,-1,-1,0,-1,0,0,-1,0,-1,0,-1,-1,0,0,-1,-1,-1,-1,0,-1,-1,0,-1,0,0,-1,-1,-1,-1,-1,-1,0,0,-1,-1,-1,-1,-1,-1,-1,-1,-1,-1,-1,0,0,0,0,-1,-1,-1,-1,-1,-1,0,-1,-1,-1,0,0,-1,-1,-1,-1,-1,0,0,-1,-1,-1,-1,-1,-1,-1,0,-1,-1,0,0,-1,-1,-1,0,-1,0,-1,0,-1,-1,-1,-1,-1,-1,-1,-1,-1,0,-1,-1,-1,-1,-1,-1,-1,-1,0,0,-1,0,0,-1,-1,0,-1,-1,-1,0,-1,-1,-1,0,-1,-1,-1,-1,-1,-1,-1,0,0,0,-1,-1,-1,0,0,0,-1,-1,-1,-1,-1,0,0,-1,0,0,-1,0,0,-1,-1,0,0,-1,-1,-1,0,0,-1,-1,0,-1,-1,-1,-1,-1,-1,-1,-1,0,-1,0,-1,-1,0,-1,0,-1,-1,-1,-1,0,-1,0,-1,0,-1,-1,-1,-1,0,0,0,-1,0,-1,0,-1,-1,-1,0,-1,-1,-1,0,-1,0,-1,-1,0,0,-1,-1,-1,-1,-1,-1,-1,-1,-1,0,0,-1,-1,-1,0,0,-1,-1,-1,-1,-1,-1,0,-1,-1,-1,0,0,-1,0,0,-1,0,-1,-1,-1,-1,-1,0,0,-1,0,0,-1,0,-1,-1,0,0,0,0,-1,0,-1,0,0,-1,0,-1,0,-1,-1,-1,0,0,-1,0,-1,-1,-1,0,-1,-1,0,0,-1,0,-1,0,-1,0,0,0,-1,0,-1,0,-1,0,0,-1,0,-1,0,-1,-1,0,-1,-1,-1,-1,-1,0,-1,0,-1,-1,0,0,-1,0,-1,-1,0,-1,-1,-1,-1,0,-1,-1,0,-1,0,0,0,-1,-1,-1,-1,0,-1,0,-1,-1,-1,-1,0,0,-1,-1,-1,-1,0,-1,-1,-1,0,-1,-1,-1,0,-1,-1,0,0,0,0,-1,-1,-1,-1,0,0,-1,0,-1,-1,-1,-1,-1,-1,0,0,-1,-1,-1,-1,-1,0,-1,0,0,0,-1,-1,-1,-1,-1,-1,-1,-1,-1,-1,0,-1,-1,-1,-1,-1,-1,-1,0,-1,-1,0,-1,-1,0,-1,-1,-1,-1,0,0,0,0,-1,-1,0,-1,-1,0,-1,-1,-1,0,-1,-1,-1,0,-1,-1,-1,0,0,-1,0,-1,-1,0,-1,0,0,-1,0,-1,-1,-1,0,-1,-1,-1,-1,-1,-1,0,-1,-1,-1,-1,0,-1,0,0,-1,-1,0,-1,0,-1,-1,-1,-1,-1,0,0,0,-1,0,-1,-1,-1,-1,-1,-1,-1,-1,0,-1,-1,0,-1,0,0,-1,-1,-1,-1,-1,0,0,0,0,-1,0,-1,-1,0,0,0,-1,-1,-1,0,0,-1,0,0,-1,-1,0,-1,0,0,-1,-1,0,0,-1,-1,-1,-1,0,-1,-1,-1,-1,0,-1,-1,0,0,-1,-1,0,0,0,-1,-1,-1,-1,0,-1,0,-1,0,-1,-1,0,0,-1,0,0,0,-1,-1,-1,0,-1,-1,0,0,-1,0,-1,0,0,-1,0,-1,0,-1,0,0,-1,-1,0,-1,-1,-1,-1,-1,0,0,0,-1,0,-1,-1,-1,-1,-1,0,-1,0,-1,0,0,0,-1,-1,-1,-1,-1,-1,-1,-1,-1,0,-1,-1,0,-1,-1,-1,-1,0,0,-1,-1,-1,-1,0,-1,-1,-1,0]

subspace: [1, 7]
[-1,-1,-1,-1,-1,-1,-1,-1,-1,-1,-1,0,-1,-1,-1,-1,-1,-1,-1,-1,-1,-1,-1,-1,-1,0,-1,-1,-1,-1,-1,-1,-1,-1,-1,-1,-1,-1,-1,-1,0,-1,-1,0,-1,-1,-1,-1,-1,0,-1,0,-1,-1,-1,-1,-1,-1,0,-1,-1,-1,-1,-1,-1,-1,-1,-1,-1,-1,0,-1,-1,-1,-1,-1,-1,-1,-1,-1,-1,-1,-1,-1,-1,-1,-1,-1,-1,-1,-1,-1,-1,-1,-1,-1,-1,-1,-1,-1,-1,0,-1,-1,-1,-1,-1,0,-1,-1,-1,-1,0,-1,-1,-1,-1,-1,-1,-1,-1,0,-1,-1,-1,-1,-1,-1,-1,-1,-1,-1,-1,-1,-1,-1,-1,-1,-1,-1,-1,-1,-1,-1,-1,-1,-1,-1,0,0,-1,-1,-1,-1,-1,-1,-1,-1,-1,-1,-1,-1,0,-1,-1,0,-1,-1,0,-1,-1,-1,-1,-1,-1,-1,-1,-1,-1,0,-1,-1,-1,-1,-1,-1,-1,0,-1,-1,0,-1,-1,-1,0,-1,-1,-1,-1,-1,-1,-1,-1,-1,0,-1,-1,-1,-1,-1,-1,-1,-1,-1,-1,-1,-1,-1,0,-1,-1,-1,-1,0,-1,-1,0,-1,-1,0,-1,-1,-1,-1,0,-1,0,-1,-1,0,-1,-1,-1,-1,-1,-1,-1,-1,-1,-1,-1,-1,-1,-1,-1,-1,-1,-1,-1,-1,-1,-1,-1,-1,-1,-1,-1,-1,-1,-1,0,-1,-1,-1,-1,-1,-1,-1,-1,-1,-1,-1,-1,-1,0,-1,-1,-1,-1,0,0,0,-1,-1,-1,0,-1,-1,-1,-1,-1,-1,-1,0,-1,-1,-1,-1,0,-1,-1,-1,-1,-1,-1,-1,-1,-1,0,-1,0,-1,-1,-1,-1,-1,-1,-1,-1,-1,-1,-1,-1,-1,-1,-1,-1,-1,-1,-1,-1,-1,-1,-1,-1,-1,-1,-1,-1,-1,-1,-1,0,-1,-1,0,-1,-1,-1,-1,-1,0,-1,-1,-1,-1,-1,-1,-1,0,-1,-1,-1,-1,-1,-1,-1,-1,-1,-1,0,-1,-1,0,-1,-1,-1,-1,-1,-1,-1,-1,-1,-1,0,0,-1,-1,-1,0,-1,-1,-1,-1,-1,-1,-1,-1,-1,-1,-1,-1,-1,-1,-1,-1,-1,-1,-1,-1,-1,-1,-1,0,-1,-1,-1,-1,-1,-1,-1,-1,-1,-1,-1,0,-1,-1,-1,-1,-1,-1,-1,-1,-1,-1,-1,-1,-1,-1,-1,-1,-1,-1,-1,-1,-1,-1,-1,-1,-1,-1,-1,0,-1,-1,0,-1,0,-1,-1,-1,-1,-1,-1,-1,-1,-1,-1,-1,-1,-1,0,-1,-1,-1,-1,-1,-1,-1,-1,-1,-1,-1,0,-1,-1,-1,-1,-1,-1,-1,-1,-1,0,-1,-1,-1,-1,-1,-1,-1,-1,-1,-1,-1,-1,-1,-1,-1,-1,-1,-1,-1,-1,-1,-1,-1,-1,-1,-1,-1,-1,-1,0,-1,-1,-1,0,-1,-1,-1,-1,0,-1,-1,-1,0,-1,-1,-1,-1,-1,-1,-1,0,-1,-1,-1,-1,-1,-1,-1,-1,-1,-1,-1,0,-1,-1,-1,-1,-1,-1,-1,-1,-1,-1,-1,-1,-1,0,-1,-1,-1,-1,-1,-1,-1,0,-1,-1,0,0,-1,-1,-1,-1,-1,-1,-1,-1,-1,-1,-1,-1,-1,-1,-1,-1,-1,-1,-1,-1,-1,-1,-1,-1,-1,-1,-1,-1,-1,-1,-1,-1,-1,-1,-1,-1,-1,-1,-1,-1,-1,-1,-1,-1,-1,-1,-1,-1,-1,0,-1,-1,-1,-1,-1,-1,-1,-1,-1,-1,-1,-1,-1,-1,-1,-1,-1,-1,-1,-1,-1,-1,-1,-1,-1,-1,-1,-1,-1,-1,-1,-1,-1,-1,-1,-1,-1,-1,-1,-1,-1,-1,-1,-1,-1,-1,-1,0,-1,-1,-1,-1,-1,-1,-1,-1,0,-1,0,-1,-1,-1,0,-1,-1,0,-1,-1,-1,0,-1,-1,-1,-1,-1,-1,-1,-1,-1,-1,0,-1,-1,-1,-1,-1,-1,-1,-1,-1,-1,-1,-1,-1,-1,-1,-1,-1,-1,-1,-1,-1,-1,-1,0,-1,-1,-1,-1,-1,-1,-1,-1,-1,-1,0,-1,-1,-1,-1,-1,-1,-1,-1,-1,-1,-1,0,-1,0,-1,-1,-1,-1,-1,0,0,0,-1,-1,-1,-1,-1,-1,-1,-1,-1,-1,-1,-1,-1,-1,-1,0,-1,-1,-1]

subspace: [2, 3]
[-1,0,-1,0,0,-1,-1,0,0,0,-1,-1,0,0,-1,-1,-1,-1,-1,-1,0,-1,-1,0,-1,-1,-1,0,0,-1,0,0,-1,-1,0,0,-1,-1,0,-1,-1,0,0,-1,-1,0,0,-1,0,-1,0,-1,0,0,0,0,0,0,-1,-1,0,-1,-1,-1,0,-1,-1,0,-1,-1,-1,-1,-1,0,-1,0,-1,-1,0,-1,0,-1,0,0,0,0,0,-1,-1,-1,0,-1,-1,-1,-1,0,-1,0,-1,-1,0,-1,-1,-1,-1,-1,-1,-1,-1,-1,0,0,-1,-1,0,-1,-1,-1,-1,-1,-1,-1,-1,0,0,0,0,-1,-1,-1,-1,-1,0,0,0,-1,-1,-1,-1,-1,-1,0,0,-1,-1,-1,0,0,-1,-1,-1,-1,0,0,-1,-1,-1,0,-1,-1,-1,-1,-1,-1,0,-1,-1,-1,-1,-1,-1,-1,0,-1,-1,0,-1,-1,-1,-1,0,-1,0,0,0,0,-1,-1,0,-1,-1,-1,-1,-1,-1,-1,0,0,0,-1,-1,-1,-1,-1,-1,0,0,-1,-1,-1,-1,0,-1,0,-1,-1,0,0,-1,0,-1,-1,-1,-1,-1,-1,-1,-1,-1,-1,-1,-1,0,0,-1,0,-1,-1,-1,-1,-1,-1,-1,-1,-1,-1,-1,-1,0,-1,0,0,-1,-1,-1,-1,-1,-1,-1,-1,0,-1,-1,0,-1,0,-1,0,-1,-1,-1,0,-1,-1,-1,0,-1,0,-1,0,0,-1,0,-1,-1,-1,-1,-1,-1,-1,-1,-1,-1,0,-1,-1,0,-1,-1,-1,-1,-1,-1,-1,0,-1,-1,-1,0,-1,0,-1,0,-1,0,-1,-1,-1,-1,-1,-1,0,-1,-1,-1,-1,0,-1,0,-1,0,-1,-1,-1,-1,0,-1,0,0,-1,-1,-1,0,0,-1,-1,-1,-1,-1,-1,-1,-1,0,-1,-1,-1,-1,-1,0,-1,0,0,-1,-1,-1,-1,-1,-1,0,-1,-1,-1,0,-1,0,0,-1,0,-1,0,-1,-1,-1,0,-1,0,-1,0,-1,-1,0,0,0,-1,-1,0,-1,-1,-1,-1,-1,-1,0,-1,-1,-1,0,-1,-1,0,0,-1,0,0,-1,0,0,0,0,-1,0,-1,-1,-1,-1,-1,-1,0,-1,-1,-1,-1,0,0,-1,-1,0,0,-1,0,-1,-1,-1,0,-1,0,-1,-1,-1,0,-1,0,-1,0,0,-1,-1,-1,-1,-1,0,-1,-1,-1,-1,-1,0,0,-1,-1,-1,-1,-1,-1,-1,-1,0,0,-1,-1,-1,0,-1,0,-1,-1,-1,-1,0,-1,-1,-1,-1,0,-1,-1,0,-1,-1,0,-1,0,0,0,-1,0,0,-1,-1,-1,0,-1,-1,-1,-1,0,-1,-1,0,-1,0,-1,-1,-1,-1,-1,0,-1,-1,-1,-1,-1,0,-1,-1,-1,-1,0,-1,-1,-1,0,0,-1,-1,-1,0,-1,0,-1,-1,0,-1,-1,-1,-1,-1,-1,-1,-1,-1,-1,-1,-1,-1,0,-1,-1,0,-1,-1,0,-1,-1,-1,-1,-1,-1,0,-1,-1,-1,0,-1,0,0,-1,-1,-1,-1,-1,-1,-1,0,-1,-1,-1,0,0,-1,0,-1,-1,0,-1,-1,-1,0,-1,0,0,-1,0,-1,0,-1,0,-1,-1,0,0,-1,0,-1,0,-1,-1,-1,-1,-1,0,-1,-1,-1,-1,-1,-1,-1,-1,0,-1,-1,-1,-1,-1,-1,-1,-1,0,-1,-1,-1,0,-1,0,-1,-1,-1,0,0,-1,0,-1,0,-1,-1,-1,-1,0,-1,-1,-1,0,-1,-1,-1,-1,0,0,-1,0,-1,-1,-1,0,-1,-1,0,-1,-1,0,-1,-1,0,-1,-1,0,-1,-1,-1,-1,0,-1,-1,0,-1,-1,0,-1,0,0,-1,-1,0,-1,0,-1,-1,-1,0,-1,-1,0,-1,-1,-1,0,-1,0,-1,-1,0,0,-1,-1,-1,-1,0,-1,-1,0,-1,-1,0,-1,-1,-1,-1,-1,-1,0,0,-1,0,0,-1,0,-1,-1,-1,0,-1,-1,-1,-1,-1,0,-1,-1,-1,0,0,-1,-1,-1,-1,-1,-1,-1,-1,-1,-1,-1,-1,-1,0,-1,0,-1,-1,0,0,0,-1,-1,-1,0,-1,-1,-1,-1]

subspace: [3, 7]
[-1,0,-1,-1,0,-1,-1,-1,-1,-1,-1,-1,-1,0,-1,-1,-1,-1,-1,-1,0,-1,-1,0,-1,-1,-1,0,0,-1,0,0,-1,-1,-1,-1,-1,-1,-1,-1,-1,-1,-1,-1,-1,0,-1,-1,0,-1,0,-1,0,-1,0,0,0,-1,-1,-1,-1,-1,-1,-1,-1,-1,-1,-1,-1,-1,-1,-1,-1,0,-1,0,-1,-1,-1,0,0,-1,0,-1,-1,-1,-1,-1,-1,-1,-1,-1,-1,-1,-1,-1,-1,0,-1,-1,-1,-1,-1,-1,-1,-1,-1,0,-1,-1,-1,-1,-1,-1,0,-1,-1,-1,0,-1,-1,-1,-1,0,-1,-1,-1,-1,-1,0,-1,-1,-1,0,0,-1,-1,-1,-1,0,-1,-1,-1,-1,-1,0,-1,-1,-1,0,-1,-1,0,0,-1,-1,-1,-1,-1,-1,-1,-1,-1,-1,-1,-1,-1,-1,-1,-1,-1,-1,0,-1,-1,-1,-1,-1,-1,-1,0,-1,0,-1,-1,-1,-1,-1,0,-1,-1,-1,-1,-1,-1,-1,0,0,-1,0,-1,-1,-1,-1,-1,-1,0,-1,-1,-1,-1,0,-1,0,-1,-1,-1,0,0,-1,-1,-1,-1,-1,-1,-1,-1,-1,-1,-1,-1,-1,0,-1,-1,-1,-1,-1,-1,-1,-1,0,-1,-1,-1,-1,-1,-1,-1,0,0,-1,-1,-1,-1,-1,-1,-1,-1,-1,0,-1,0,0,-1,-1,-1,-1,-1,-1,-1,0,-1,-1,-1,-1,-1,0,-1,0,-1,-1,0,-1,-1,-1,-1,-1,-1,-1,-1,-1,-1,0,-1,-1,0,-1,-1,-1,-1,-1,0,-1,-1,-1,-1,-1,0,-1,-1,-1,0,0,0,-1,-1,-1,-1,-1,-1,-1,-1,-1,0,-1,-1,-1,0,-1,-1,-1,-1,-1,-1,-1,-1,0,0,-1,-1,-1,0,0,-1,-1,-1,0,-1,-1,-1,-1,0,-1,0,-1,-1,-1,0,0,0,-1,-1,-1,-1,-1,-1,-1,-1,-1,-1,0,-1,-1,-1,-1,-1,-1,-1,0,-1,-1,-1,0,-1,0,-1,0,-1,-1,-1,-1,0,-1,-1,-1,-1,-1,-1,-1,0,-1,0,0,-1,-1,0,-1,-1,0,0,-1,0,-1,-1,0,0,0,0,-1,0,-1,-1,-1,-1,-1,-1,-1,-1,-1,-1,-1,0,-1,-1,-1,-1,-1,-1,0,0,-1,-1,-1,-1,-1,-1,-1,-1,0,-1,-1,-1,-1,0,-1,-1,-1,-1,-1,-1,-1,-1,-1,-1,-1,-1,-1,-1,-1,-1,-1,-1,-1,-1,0,0,-1,-1,-1,-1,0,-1,-1,-1,-1,-1,-1,-1,-1,-1,0,-1,0,-1,-1,-1,-1,-1,-1,-1,0,-1,0,-1,-1,-1,0,-1,0,0,-1,-1,-1,-1,-1,-1,-1,-1,-1,-1,-1,-1,-1,-1,-1,-1,-1,-1,-1,0,-1,0,-1,-1,-1,-1,-1,-1,-1,-1,-1,0,-1,-1,-1,0,-1,-1,-1,-1,0,-1,-1,-1,-1,-1,-1,-1,-1,-1,-1,-1,-1,-1,-1,-1,-1,0,-1,0,-1,-1,-1,-1,-1,-1,-1,0,-1,-1,-1,0,-1,-1,-1,-1,-1,-1,-1,-1,-1,-1,-1,0,-1,-1,0,0,0,-1,-1,-1,0,-1,-1,-1,0,-1,-1,-1,-1,-1,-1,-1,-1,-1,-1,-1,-1,-1,-1,0,-1,-1,-1,-1,-1,-1,-1,0,-1,-1,-1,-1,-1,-1,0,-1,-1,-1,-1,-1,-1,-1,-1,-1,-1,-1,-1,-1,-1,0,-1,0,-1,-1,-1,-1,0,-1,-1,0,-1,-1,-1,-1,-1,-1,-1,-1,-1,0,-1,-1,-1,-1,0,-1,-1,-1,-1,0,-1,-1,-1,-1,0,-1,-1,-1,-1,-1,-1,-1,-1,0,0,-1,-1,-1,0,-1,-1,-1,-1,0,-1,-1,0,0,-1,-1,-1,-1,-1,-1,-1,-1,-1,-1,-1,0,-1,-1,-1,-1,-1,0,-1,-1,-1,0,-1,-1,-1,-1,-1,-1,-1,0,-1,-1,-1,-1,0,-1,-1,-1,-1,0,-1,-1,0,-1,-1,0,-1,-1,-1,0,-1,-1,-1,-1,-1,0,-1,-1,-1,0,0,-1,-1,-1,-1,-1,-1,-1,-1,-1,-1,-1,-1,-1,-1,-1,0,-1,-1,0,-1,-1,-1,-1,-1,0,-1,-1,-1,-1]

subspace: [2, 6]
[-1,-1,0,0,0,0,-1,0,0,0,-1,-1,-1,0,-1,-1,-1,-1,-1,-1,0,-1,-1,-1,-1,-1,-1,0,0,0,0,0,-1,-1,0,0,-1,-1,0,-1,-1,0,-1,-1,-1,0,-1,-1,0,-1,-1,-1,0,0,-1,0,0,-1,-1,0,-1,-1,0,-1,-1,-1,0,-1,-1,0,-1,-1,0,-1,-1,-1,-1,-1,-1,-1,0,-1,0,0,0,-1,-1,0,-1,0,0,-1,-1,-1,-1,0,-1,-1,-1,-1,0,-1,-1,-1,-1,-1,-1,-1,-1,0,-1,0,-1,0,0,-1,-1,-1,-1,-1,-1,-1,-1,0,0,-1,-1,0,-1,-1,-1,0,-1,0,0,-1,-1,-1,-1,-1,0,-1,0,-1,-1,-1,-1,0,-1,-1,-1,-1,0,-1,-1,-1,-1,0,-1,-1,-1,-1,-1,-1,0,-1,-1,-1,-1,0,-1,-1,0,-1,0,0,-1,-1,0,-1,-1,-1,0,0,-1,-1,-1,-1,-1,-1,-1,-1,-1,-1,-1,0,-1,0,-1,-1,0,-1,-1,-1,-1,-1,0,0,-1,-1,-1,0,-1,-1,-1,0,0,-1,-1,-1,-1,-1,-1,-1,-1,-1,-1,-1,-1,-1,-1,-1,-1,0,-1,0,-1,-1,0,-1,-1,-1,-1,-1,-1,-1,-1,-1,0,-1,0,-1,-1,-1,-1,-1,-1,0,-1,-1,-1,-1,-1,-1,-1,-1,-1,0,0,-1,-1,0,-1,-1,-1,-1,-1,0,-1,0,0,0,0,-1,-1,0,0,0,-1,-1,-1,-1,-1,-1,-1,-1,-1,0,-1,-1,0,-1,-1,-1,0,-1,0,-1,-1,0,-1,0,-1,-1,-1,0,-1,-1,-1,-1,-1,-1,-1,0,-1,0,-1,-1,0,-1,-1,0,-1,-1,-1,-1,-1,-1,0,-1,0,-1,0,-1,-1,-1,0,-1,0,-1,-1,-1,0,-1,-1,-1,-1,-1,0,-1,0,-1,-1,-1,-1,-1,-1,-1,0,-1,0,-1,0,-1,0,-1,-1,0,-1,-1,-1,-1,-1,-1,0,0,-1,-1,-1,0,-1,0,0,0,-1,-1,-1,-1,-1,-1,-1,-1,0,-1,-1,0,0,-1,-1,0,0,0,-1,-1,-1,0,-1,-1,0,-1,-1,-1,-1,-1,-1,-1,-1,-1,-1,-1,-1,-1,-1,-1,-1,-1,0,0,-1,0,-1,0,0,-1,-1,-1,-1,-1,-1,-1,-1,-1,-1,0,0,-1,-1,0,-1,0,-1,-1,-1,-1,-1,0,-1,0,-1,-1,0,-1,-1,-1,-1,-1,0,0,-1,0,0,-1,-1,0,-1,-1,0,-1,0,-1,-1,-1,-1,-1,-1,-1,0,-1,-1,0,-1,-1,-1,-1,-1,0,-1,-1,-1,-1,-1,-1,-1,-1,0,-1,-1,-1,-1,-1,0,-1,-1,-1,-1,0,-1,-1,-1,-1,-1,-1,-1,-1,-1,0,-1,-1,-1,-1,-1,0,-1,-1,0,-1,-1,-1,-1,-1,-1,0,-1,-1,-1,-1,0,-1,-1,-1,0,-1,-1,-1,-1,-1,-1,-1,-1,-1,-1,-1,-1,-1,0,-1,-1,0,0,0,-1,-1,0,-1,0,-1,-1,-1,-1,-1,-1,-1,-1,0,-1,-1,-1,-1,-1,-1,-1,0,-1,0,-1,-1,-1,-1,-1,-1,-1,-1,0,-1,0,-1,0,-1,-1,0,0,0,-1,-1,0,-1,-1,0,-1,-1,0,-1,0,-1,-1,-1,-1,-1,-1,0,-1,0,0,-1,-1,-1,-1,-1,-1,-1,-1,0,-1,-1,0,-1,-1,-1,0,-1,-1,-1,-1,0,0,-1,-1,-1,0,-1,-1,-1,-1,-1,0,-1,-1,0,0,-1,0,-1,-1,-1,-1,-1,-1,-1,-1,-1,-1,-1,-1,-1,-1,0,-1,-1,-1,-1,-1,-1,-1,-1,0,0,-1,0,0,-1,-1,-1,0,-1,-1,-1,-1,0,-1,0,-1,-1,0,0,-1,-1,-1,0,0,-1,-1,-1,-1,-1,0,-1,-1,0,-1,-1,0,-1,-1,-1,-1,-1,-1,-1,-1,-1,-1,-1,-1,-1,-1,-1,0,-1,0,-1,-1,-1,-1,-1,-1,-1,-1,-1,0,0,0,-1,0,-1,-1,-1,-1,-1,-1,-1,-1,-1,0,0,0,0,-1,0,-1,-1,0,0,0,0,0,-1,0,-1,-1,-1,-1]

subspace: [4, 5]
[-1,-1,-1,0,-1,-1,-1,-1,-1,0,-1,-1,-1,-1,0,-1,-1,-1,-1,-1,0,-1,-1,-1,-1,-1,-1,-1,-1,-1,-1,0,-1,-1,-1,-1,-1,-1,-1,-1,-1,-1,-1,-1,-1,-1,-1,-1,0,-1,-1,-1,-1,-1,-1,-1,0,-1,-1,-1,-1,-1,-1,-1,-1,-1,-1,-1,-1,-1,-1,-1,-1,-1,-1,-1,-1,-1,-1,-1,0,-1,0,0,-1,-1,-1,0,-1,-1,-1,-1,-1,-1,-1,-1,-1,0,-1,-1,-1,-1,-1,-1,-1,-1,-1,-1,-1,-1,-1,-1,-1,-1,-1,-1,-1,-1,-1,0,-1,-1,-1,-1,-1,-1,-1,-1,-1,-1,-1,-1,-1,-1,0,-1,-1,-1,-1,-1,-1,0,-1,-1,-1,-1,-1,0,-1,-1,-1,-1,-1,0,-1,0,0,-1,-1,-1,-1,-1,-1,-1,-1,-1,-1,-1,-1,0,-1,-1,0,-1,-1,-1,-1,-1,0,-1,-1,-1,-1,-1,0,-1,-1,-1,-1,-1,-1,-1,-1,-1,-1,-1,-1,-1,-1,-1,-1,-1,-1,-1,-1,0,-1,0,0,-1,-1,-1,-1,-1,-1,0,0,-1,-1,-1,-1,-1,-1,-1,-1,-1,-1,-1,-1,-1,-1,-1,-1,0,-1,-1,-1,-1,-1,-1,-1,-1,-1,-1,-1,-1,-1,-1,-1,-1,-1,-1,-1,-1,-1,-1,-1,-1,-1,-1,-1,-1,-1,-1,-1,-1,-1,-1,-1,-1,-1,-1,-1,-1,-1,-1,-1,0,-1,0,-1,-1,0,-1,-1,-1,-1,-1,-1,-1,-1,-1,-1,-1,-1,-1,-1,-1,-1,-1,0,0,-1,-1,-1,-1,-1,-1,-1,-1,-1,-1,-1,-1,-1,-1,-1,-1,-1,-1,-1,-1,-1,-1,0,-1,-1,-1,-1,0,-1,-1,-1,-1,-1,-1,-1,-1,0,-1,-1,0,-1,-1,-1,-1,0,-1,-1,-1,0,-1,-1,-1,-1,-1,-1,-1,-1,-1,0,-1,-1,-1,-1,-1,-1,-1,-1,-1,-1,-1,-1,-1,0,-1,-1,0,0,-1,-1,-1,-1,-1,-1,0,-1,-1,-1,-1,-1,0,-1,-1,-1,-1,-1,-1,-1,-1,-1,-1,-1,-1,-1,0,-1,0,-1,0,0,0,-1,-1,-1,-1,-1,-1,0,-1,-1,-1,0,-1,-1,-1,-1,-1,-1,-1,-1,-1,-1,-1,-1,-1,0,-1,-1,-1,-1,-1,0,-1,-1,-1,-1,-1,-1,-1,-1,-1,-1,-1,-1,-1,-1,-1,-1,-1,-1,-1,-1,-1,-1,-1,-1,-1,-1,-1,0,-1,-1,-1,-1,-1,-1,-1,-1,-1,-1,-1,-1,-1,-1,-1,-1,-1,0,-1,-1,-1,-1,-1,-1,-1,-1,-1,-1,-1,0,-1,-1,-1,-1,0,-1,-1,-1,-1,-1,-1,-1,-1,-1,0,-1,0,-1,-1,0,-1,0,-1,-1,-1,-1,-1,-1,-1,-1,-1,-1,-1,-1,-1,-1,-1,-1,-1,0,0,-1,-1,-1,-1,0,-1,-1,-1,-1,-1,-1,-1,-1,-1,0,-1,-1,-1,-1,-1,-1,-1,-1,-1,-1,-1,-1,-1,-1,0,-1,-1,-1,-1,-1,-1,-1,-1,-1,-1,0,-1,-1,-1,-1,-1,-1,-1,-1,-1,-1,-1,-1,-1,-1,-1,-1,-1,0,-1,-1,0,-1,-1,-1,-1,-1,-1,-1,-1,0,-1,0,-1,-1,-1,-1,0,-1,-1,-1,-1,-1,-1,-1,-1,-1,-1,-1,-1,-1,-1,-1,-1,-1,-1,-1,-1,-1,-1,-1,-1,-1,-1,-1,-1,-1,-1,-1,-1,-1,-1,0,0,-1,-1,0,-1,-1,-1,-1,-1,-1,-1,-1,-1,-1,-1,-1,-1,-1,0,-1,-1,-1,0,-1,-1,0,-1,-1,-1,-1,-1,-1,-1,-1,-1,-1,-1,-1,-1,0,-1,-1,-1,-1,-1,-1,-1,-1,-1,-1,-1,-1,-1,-1,-1,0,-1,-1,-1,-1,-1,-1,-1,-1,-1,-1,-1,-1,-1,-1,-1,0,-1,-1,-1,-1,-1,-1,-1,-1,-1,-1,-1,-1,-1,-1,-1,-1,-1,-1,-1,-1,-1,-1,-1,0,-1,-1,0,-1,-1,0,-1,-1,-1,0,-1,-1,-1,-1,-1,-1,-1,-1,-1,0,-1,0,-1,-1,-1,-1,-1,-1,-1,-1,-1,-1,0,-1,0,-1,-1,-1,-1,-1,-1,0,0,-1,-1,-1,-1,-1,-1,-1]

subspace: [6, 7]
[-1,-1,-1,-1,0,-1,-1,-1,0,-1,-1,-1,-1,0,-1,-1,-1,-1,-1,-1,0,-1,-1,-1,-1,-1,-1,0,-1,0,0,0,-1,-1,-1,0,-1,-1,-1,-1,-1,-1,-1,-1,-1,0,-1,-1,0,-1,-1,-1,0,-1,-1,-1,-1,-1,-1,0,-1,-1,0,-1,-1,-1,-1,-1,-1,0,-1,-1,-1,-1,-1,-1,-1,-1,-1,-1,0,-1,0,0,-1,-1,-1,-1,-1,-1,-1,-1,0,-1,-1,-1,-1,-1,-1,-1,-1,-1,-1,-1,-1,-1,-1,-1,-1,-1,-1,0,-1,-1,0,-1,-1,-1,0,-1,-1,-1,-1,0,-1,-1,-1,0,-1,-1,-1,0,-1,0,-1,-1,-1,-1,-1,-1,-1,-1,-1,-1,-1,-1,-1,0,-1,-1,-1,-1,0,-1,-1,-1,-1,-1,-1,-1,-1,-1,-1,-1,-1,-1,-1,-1,-1,0,-1,-1,-1,-1,0,-1,0,-1,0,-1,-1,-1,-1,-1,-1,-1,-1,-1,-1,-1,-1,-1,-1,-1,-1,0,-1,0,-1,-1,0,-1,-1,-1,-1,-1,0,-1,-1,-1,-1,0,-1,-1,-1,0,0,-1,-1,-1,-1,-1,-1,-1,-1,-1,-1,-1,-1,-1,-1,-1,-1,-1,-1,-1,-1,-1,0,-1,-1,-1,-1,-1,-1,-1,-1,-1,0,-1,-1,-1,-1,-1,-1,-1,-1,-1,-1,-1,-1,-1,-1,-1,-1,-1,-1,0,0,-1,-1,0,-1,-1,-1,-1,-1,-1,-1,0,-1,0,0,-1,-1,0,0,-1,-1,-1,-1,-1,-1,-1,-1,-1,-1,0,-1,-1,0,-1,-1,-1,-1,0,0,-1,-1,0,-1,0,-1,-1,-1,-1,-1,-1,-1,-1,-1,-1,-1,-1,-1,0,-1,-1,0,-1,-1,0,-1,-1,-1,-1,-1,-1,0,-1,0,-1,0,-1,-1,-1,0,-1,-1,-1,-1,-1,0,-1,-1,-1,-1,-1,0,0,-1,-1,-1,-1,-1,-1,-1,-1,0,-1,0,-1,-1,-1,-1,-1,-1,0,-1,-1,-1,-1,-1,-1,-1,0,-1,-1,-1,0,-1,0,-1,0,-1,-1,-1,-1,-1,-1,-1,-1,0,-1,-1,0,0,-1,-1,-1,-1,-1,-1,-1,-1,-1,-1,-1,0,-1,-1,-1,-1,-1,-1,-1,-1,-1,-1,-1,-1,-1,-1,-1,-1,-1,0,0,-1,-1,-1,0,0,-1,-1,-1,-1,-1,-1,-1,-1,-1,-1,0,0,-1,-1,0,-1,0,-1,-1,-1,-1,-1,-1,-1,0,-1,-1,-1,-1,-1,-1,-1,-1,-1,-1,-1,0,-1,-1,-1,-1,-1,0,-1,-1,-1,0,-1,-1,-1,-1,-1,-1,-1,-1,-1,-1,-1,-1,-1,-1,-1,-1,-1,-1,-1,-1,-1,-1,-1,-1,0,-1,-1,-1,-1,-1,0,-1,-1,-1,-1,0,-1,-1,-1,-1,-1,-1,-1,-1,-1,0,-1,-1,-1,-1,-1,-1,-1,-1,0,-1,-1,-1,-1,-1,-1,-1,-1,-1,-1,-1,0,-1,-1,-1,0,-1,-1,-1,-1,-1,-1,-1,-1,-1,-1,-1,-1,-1,0,-1,-1,0,0,-1,-1,-1,0,-1,-1,-1,-1,-1,-1,-1,-1,-1,-1,0,0,-1,-1,-1,-1,0,-1,-1,-1,-1,-1,-1,-1,-1,-1,-1,-1,-1,0,-1,0,-1,0,-1,-1,0,-1,-1,-1,-1,-1,-1,-1,-1,-1,-1,0,0,-1,0,-1,-1,-1,-1,-1,-1,-1,0,0,-1,-1,-1,-1,-1,-1,-1,-1,0,-1,-1,0,-1,-1,-1,-1,-1,-1,-1,-1,0,-1,-1,-1,-1,-1,-1,-1,-1,-1,-1,-1,-1,-1,-1,-1,-1,-1,-1,-1,-1,-1,-1,-1,-1,-1,-1,-1,-1,-1,-1,-1,-1,-1,-1,-1,-1,-1,-1,-1,-1,-1,-1,-1,-1,-1,-1,-1,-1,0,-1,-1,-1,-1,-1,-1,0,-1,-1,-1,0,-1,-1,-1,0,-1,-1,-1,-1,-1,-1,-1,-1,-1,0,-1,-1,0,-1,-1,-1,-1,-1,-1,-1,-1,-1,-1,-1,-1,-1,-1,-1,-1,-1,-1,-1,-1,-1,-1,-1,-1,-1,-1,-1,-1,0,-1,-1,-1,-1,-1,-1,-1,-1,-1,-1,-1,-1,0,-1,-1,0,-1,-1,-1,-1,0,-1,0,0,-1,-1,-1,-1,-1,-1,-1]

subspace: [2, 5]
[0,-1,0,0,0,0,-1,0,0,0,0,-1,0,0,0,0,-1,-1,-1,0,0,-1,-1,0,-1,-1,-1,0,-1,0,0,0,-1,-1,0,-1,-1,-1,0,0,-1,0,0,-1,-1,0,0,-1,0,-1,0,-1,0,0,0,0,0,0,-1,0,-1,-1,0,-1,0,-1,0,0,-1,0,-1,-1,0,-1,0,-1,0,-1,0,-1,0,-1,0,0,0,0,-1,0,-1,0,0,-1,-1,0,0,0,-1,0,-1,-1,0,-1,0,-1,-1,-1,-1,-1,-1,-1,0,0,-1,0,0,-1,-1,-1,-1,0,-1,-1,-1,0,0,0,0,0,-1,-1,-1,0,0,0,0,-1,-1,-1,-1,-1,0,0,0,-1,-1,-1,0,0,-1,-1,-1,-1,0,0,-1,0,0,0,0,-1,0,-1,-1,0,0,-1,-1,-1,-1,0,-1,-1,0,-1,0,0,-1,0,0,-1,0,-1,0,0,0,0,-1,-1,-1,-1,-1,-1,-1,0,-1,0,0,0,-1,-1,0,-1,-1,-1,-1,0,0,0,-1,-1,-1,0,-1,0,-1,0,0,0,-1,0,-1,-1,-1,-1,-1,0,-1,0,0,-1,-1,0,0,0,-1,0,-1,0,0,-1,-1,-1,-1,0,-1,-1,-1,0,-1,-1,0,0,0,-1,0,-1,0,0,-1,0,0,-1,-1,-1,-1,0,-1,-1,0,-1,-1,0,-1,-1,-1,0,0,0,-1,0,0,0,0,-1,-1,0,0,-1,-1,-1,-1,-1,-1,0,0,-1,0,0,-1,0,0,-1,-1,-1,0,-1,0,-1,0,-1,0,0,-1,-1,-1,-1,-1,-1,-1,-1,-1,0,-1,0,-1,0,0,-1,0,-1,0,0,-1,0,-1,0,-1,-1,0,-1,0,0,0,-1,-1,-1,0,-1,0,-1,-1,-1,0,-1,-1,-1,0,-1,0,-1,0,0,-1,-1,-1,0,-1,-1,0,-1,0,-1,0,-1,0,-1,-1,0,0,0,-1,-1,0,0,0,0,-1,0,-1,0,0,0,0,0,-1,-1,-1,-1,-1,-1,-1,0,0,-1,0,0,0,0,-1,0,0,0,0,0,-1,0,-1,0,0,-1,0,-1,0,-1,-1,0,-1,0,-1,0,-1,-1,0,0,-1,-1,0,-1,-1,0,-1,0,0,0,0,0,-1,-1,-1,0,0,0,0,0,0,-1,-1,0,-1,0,0,-1,-1,-1,-1,0,0,0,-1,-1,0,0,-1,0,-1,-1,0,0,-1,0,0,-1,-1,-1,0,-1,-1,-1,0,-1,-1,-1,-1,0,-1,0,0,-1,-1,0,0,0,0,-1,-1,0,0,-1,-1,-1,-1,-1,-1,-1,-1,0,-1,0,-1,0,0,-1,0,-1,-1,0,0,-1,0,-1,-1,-1,0,-1,-1,0,0,0,-1,-1,0,0,0,-1,0,0,0,-1,0,-1,-1,0,-1,-1,-1,-1,0,0,-1,-1,-1,-1,-1,-1,-1,-1,-1,-1,0,-1,-1,0,0,0,0,-1,-1,-1,0,0,-1,-1,0,-1,-1,0,-1,-1,-1,-1,-1,-1,-1,-1,-1,-1,-1,-1,0,-1,0,0,-1,0,-1,0,0,0,-1,0,0,0,0,-1,0,-1,-1,0,-1,0,0,0,0,-1,0,-1,0,-1,-1,-1,0,-1,0,-1,-1,-1,-1,-1,0,0,0,0,0,-1,-1,-1,-1,-1,-1,-1,-1,0,0,-1,0,-1,0,0,0,-1,0,0,-1,0,0,-1,-1,-1,0,-1,-1,0,-1,0,-1,-1,-1,0,0,-1,0,0,-1,-1,0,-1,0,0,0,-1,0,-1,-1,0,0,0,-1,-1,-1,-1,-1,0,-1,-1,0,0,-1,0,0,0,0,-1,0,0,0,0,-1,0,-1,0,-1,-1,-1,0,-1,-1,0,0,0,-1,-1,0,0,-1,0,-1,-1,0,-1,0,0,-1,0,0,0,-1,0,0,-1,-1,0,0,-1,0,0,-1,0,0,0,-1,0,-1,-1,-1,-1,-1,0,-1,0,0,0,-1,0,-1,-1,-1,-1,-1,-1,-1,-1,-1,0,0,0,0,-1,0,0,-1,0,0,0,0,0,-1,0,-1,-1,-1,0]

subspace: [9, 7]
[-1,-1,-1,-1,0,-1,-1,-1,-1,-1,0,-1,-1,0,0,-1,0,-1,-1,-1,-1,-1,0,-1,-1,0,0,-1,0,-1,0,-1,-1,0,-1,0,-1,0,0,-1,-1,-1,-1,-1,-1,0,-1,-1,0,-1,0,0,0,-1,-1,0,0,0,-1,0,-1,0,-1,0,-1,0,-1,-1,-1,-1,-1,0,0,-1,0,0,0,-1,-1,-1,0,-1,-1,0,-1,-1,0,0,-1,0,-1,-1,0,-1,0,-1,-1,-1,-1,0,-1,-1,0,-1,-1,-1,-1,0,-1,-1,-1,-1,0,-1,0,-1,-1,-1,0,0,0,-1,0,0,-1,-1,-1,-1,-1,0,0,0,0,0,-1,-1,-1,-1,-1,0,0,-1,0,-1,-1,-1,-1,-1,0,0,-1,0,0,0,-1,0,0,-1,-1,0,-1,-1,-1,0,-1,0,-1,-1,0,-1,-1,-1,0,0,0,-1,0,-1,0,-1,-1,-1,-1,-1,-1,-1,0,0,0,-1,0,-1,0,-1,-1,-1,-1,0,-1,0,-1,-1,-1,-1,-1,-1,-1,-1,-1,0,0,-1,-1,-1,-1,-1,-1,-1,0,0,-1,0,-1,-1,-1,-1,-1,-1,0,0,0,-1,-1,-1,-1,-1,-1,-1,0,-1,-1,0,-1,-1,0,0,-1,-1,0,0,0,-1,0,-1,-1,-1,-1,-1,-1,-1,-1,0,-1,0,0,-1,-1,0,-1,-1,-1,0,-1,-1,-1,-1,0,-1,-1,-1,-1,0,-1,0,-1,0,0,0,-1,-1,-1,-1,0,-1,0,-1,0,0,0,-1,0,0,-1,0,-1,0,-1,-1,-1,0,-1,-1,-1,0,0,-1,-1,0,-1,-1,0,0,-1,-1,0,-1,0,-1,-1,0,-1,-1,-1,0,-1,-1,-1,0,-1,-1,0,0,0,-1,0,-1,-1,0,-1,0,0,-1,0,-1,0,0,0,-1,0,0,0,-1,-1,0,-1,-1,-1,-1,-1,-1,-1,-1,-1,0,-1,-1,-1,0,0,-1,-1,-1,-1,-1,-1,0,-1,0,-1,0,-1,0,-1,-1,-1,0,-1,-1,0,-1,0,-1,-1,0,-1,0,-1,0,0,0,0,-1,0,-1,-1,0,0,0,0,0,0,-1,0,-1,0,-1,0,-1,-1,0,-1,0,0,-1,0,-1,-1,-1,-1,0,0,-1,0,-1,0,0,-1,0,-1,0,-1,0,0,-1,0,-1,-1,0,-1,-1,-1,0,0,-1,-1,-1,-1,-1,-1,-1,-1,-1,-1,-1,-1,-1,-1,-1,-1,-1,-1,-1,-1,-1,0,-1,-1,-1,0,0,0,0,-1,0,0,0,-1,-1,0,-1,0,0,-1,-1,-1,0,0,-1,0,-1,0,-1,-1,0,0,0,-1,-1,-1,-1,0,-1,-1,-1,-1,0,-1,0,-1,-1,-1,0,0,-1,-1,0,0,-1,-1,0,-1,0,-1,0,0,-1,0,-1,-1,-1,0,-1,-1,0,-1,-1,0,-1,0,-1,-1,-1,-1,0,-1,-1,-1,-1,0,0,-1,-1,-1,-1,0,-1,0,0,-1,-1,0,0,-1,-1,-1,-1,0,-1,0,0,0,-1,-1,0,-1,-1,-1,-1,0,0,-1,-1,-1,0,0,-1,0,0,0,-1,-1,-1,0,-1,0,-1,-1,0,0,0,-1,0,-1,-1,-1,0,0,0,-1,0,0,-1,-1,-1,-1,0,-1,0,-1,0,-1,0,-1,-1,-1,0,-1,-1,0,-1,-1,0,-1,-1,0,0,-1,-1,-1,-1,-1,-1,0,0,-1,0,-1,-1,0,-1,-1,0,-1,0,-1,0,-1,0,-1,-1,-1,0,-1,-1,-1,-1,-1,-1,0,-1,-1,0,-1,0,0,-1,0,-1,-1,-1,-1,0,-1,-1,-1,-1,0,-1,0,-1,0,-1,0,0,-1,-1,-1,-1,-1,0,-1,-1,0,-1,-1,0,0,-1,0,-1,-1,-1,-1,-1,-1,-1,-1,0,-1,0,0,-1,0,-1,0,-1,0,0,-1,-1,-1,0,-1,0,-1,0,0,0,-1,-1,0,0,-1,-1,-1,-1,-1,0,0,0,0,0,-1,0,-1,0,-1,-1,0,0,-1,-1,0,-1,-1,0,-1,0,-1,-1,0,-1,0,-1,-1,-1,0,-1,-1,-1,-1]

subspace: [8, 7]
[-1,-1,-1,-1,0,-1,-1,-1,-1,-1,-1,-1,-1,0,0,-1,-1,-1,-1,-1,-1,-1,0,-1,-1,0,0,0,-1,-1,-1,0,-1,0,-1,0,-1,0,0,-1,-1,-1,-1,-1,-1,0,-1,0,0,-1,0,-1,0,-1,0,0,0,0,-1,0,-1,-1,-1,-1,-1,0,-1,-1,-1,-1,-1,0,-1,0,0,0,0,-1,-1,0,0,-1,0,0,-1,-1,0,-1,-1,0,-1,-1,0,0,0,-1,-1,0,-1,0,-1,-1,0,-1,-1,-1,0,0,-1,0,-1,0,0,-1,0,-1,-1,-1,0,0,-1,-1,-1,0,-1,-1,-1,0,-1,-1,-1,0,-1,0,0,-1,-1,0,-1,-1,0,-1,0,-1,0,-1,-1,-1,-1,0,0,0,-1,0,-1,0,0,-1,-1,0,-1,0,-1,0,-1,-1,-1,-1,0,0,-1,-1,0,0,0,0,-1,-1,-1,-1,-1,-1,0,-1,-1,-1,-1,0,-1,-1,-1,-1,-1,-1,-1,0,0,0,0,-1,-1,-1,-1,-1,-1,-1,-1,-1,0,0,0,-1,-1,-1,-1,-1,0,0,-1,-1,-1,0,-1,-1,-1,0,-1,-1,0,0,0,-1,-1,0,-1,-1,-1,0,-1,-1,-1,0,-1,-1,-1,-1,-1,0,-1,-1,-1,-1,-1,0,-1,-1,-1,-1,-1,0,0,0,0,0,0,-1,-1,0,-1,-1,-1,0,-1,-1,-1,-1,-1,-1,-1,0,0,0,-1,-1,-1,0,0,0,-1,-1,-1,-1,0,0,0,-1,0,0,0,-1,0,-1,-1,0,-1,-1,-1,0,0,0,-1,-1,0,-1,-1,-1,-1,-1,-1,-1,0,0,0,-1,0,-1,0,-1,0,0,-1,-1,-1,0,-1,-1,-1,0,-1,-1,-1,-1,0,0,0,0,0,0,-1,0,0,-1,0,0,0,-1,0,-1,0,0,-1,0,0,0,-1,-1,-1,-1,-1,-1,-1,-1,-1,0,-1,-1,-1,0,0,-1,-1,-1,-1,-1,-1,0,0,-1,-1,0,-1,-1,0,0,-1,0,-1,-1,-1,-1,0,-1,0,0,-1,0,-1,0,-1,-1,0,-1,0,-1,0,0,-1,0,0,-1,0,-1,0,-1,-1,-1,0,-1,-1,0,-1,0,-1,-1,-1,-1,0,0,-1,0,0,0,-1,-1,0,0,-1,0,-1,0,-1,0,0,-1,0,-1,0,-1,-1,0,-1,-1,-1,-1,0,-1,-1,0,-1,-1,0,-1,-1,0,-1,0,0,-1,-1,-1,-1,0,-1,-1,0,-1,-1,0,0,0,-1,0,-1,0,0,0,-1,-1,0,-1,0,0,-1,-1,-1,-1,0,-1,-1,0,0,-1,-1,-1,0,-1,-1,-1,-1,-1,0,-1,-1,-1,-1,0,-1,-1,0,-1,0,0,-1,-1,-1,0,0,-1,-1,-1,-1,-1,0,0,0,-1,0,-1,-1,-1,-1,-1,-1,0,-1,-1,-1,-1,-1,-1,-1,0,-1,-1,-1,-1,-1,-1,0,0,0,-1,-1,-1,-1,-1,0,0,0,-1,-1,-1,0,-1,-1,0,-1,-1,-1,0,0,-1,-1,0,0,-1,-1,0,0,-1,-1,-1,-1,0,-1,0,0,-1,0,-1,-1,-1,0,-1,-1,-1,-1,-1,0,0,-1,-1,-1,-1,-1,-1,0,0,-1,-1,0,-1,0,0,0,0,-1,0,0,0,-1,-1,0,-1,0,0,-1,-1,-1,-1,0,0,-1,-1,0,0,-1,-1,-1,-1,-1,-1,-1,0,0,0,0,-1,0,-1,-1,0,0,0,-1,0,-1,0,-1,-1,-1,0,0,-1,-1,-1,-1,0,-1,-1,-1,0,0,-1,-1,-1,0,-1,-1,-1,-1,0,0,-1,-1,0,-1,-1,0,0,0,-1,-1,-1,-1,-1,-1,-1,-1,0,0,0,0,0,-1,0,0,0,-1,-1,-1,-1,-1,-1,0,0,-1,0,-1,0,0,-1,0,-1,0,-1,0,0,-1,0,0,-1,-1,-1,-1,0,0,0,-1,0,0,-1,-1,0,-1,-1,0,0,0,-1,0,0,0,-1,0,-1,-1,-1,0,0,-1,-1,0,-1,-1,0,-1,-1,-1,-1,0,0,-1,-1,-1,-1,0,-1,-1,-1,-1]

subspace: [2, 4]
[-1,-1,-1,0,0,0,-1,-1,0,0,-1,-1,-1,0,0,0,-1,-1,-1,-1,0,-1,-1,0,-1,-1,-1,0,-1,-1,0,0,-1,-1,-1,-1,-1,-1,0,0,-1,-1,0,-1,-1,0,-1,-1,0,-1,0,-1,0,0,-1,-1,0,-1,-1,0,-1,-1,-1,-1,0,-1,-1,-1,-1,0,-1,-1,0,-1,0,-1,-1,-1,-1,-1,0,-1,0,0,-1,0,-1,0,-1,-1,0,-1,-1,-1,-1,-1,-1,0,-1,-1,-1,-1,0,-1,-1,-1,-1,-1,-1,-1,-1,0,-1,-1,0,-1,-1,-1,-1,0,-1,-1,-1,0,-1,0,-1,0,-1,-1,-1,0,-1,0,0,-1,-1,-1,-1,-1,0,0,0,-1,-1,-1,0,0,-1,-1,-1,-1,0,0,-1,0,0,-1,0,-1,-1,-1,-1,0,-1,-1,-1,-1,-1,0,-1,-1,0,-1,0,-1,-1,-1,0,-1,-1,-1,0,-1,0,-1,-1,-1,0,-1,-1,-1,-1,0,-1,-1,0,0,-1,-1,0,-1,-1,-1,-1,0,-1,0,-1,-1,-1,-1,-1,0,-1,0,0,0,-1,-1,-1,-1,-1,-1,-1,-1,-1,0,-1,-1,-1,0,-1,0,-1,-1,-1,-1,-1,-1,-1,-1,-1,-1,-1,-1,-1,-1,0,-1,-1,-1,-1,-1,-1,-1,-1,-1,-1,0,-1,-1,-1,-1,-1,-1,-1,-1,-1,-1,-1,-1,-1,-1,-1,-1,-1,0,-1,0,-1,0,0,-1,-1,-1,0,0,-1,-1,-1,-1,-1,0,-1,-1,-1,0,-1,-1,0,-1,-1,-1,-1,-1,0,-1,-1,0,0,-1,-1,-1,-1,0,-1,0,-1,-1,-1,-1,-1,0,-1,0,-1,-1,0,-1,0,-1,-1,0,-1,-1,-1,0,0,-1,-1,0,0,-1,-1,-1,0,-1,-1,-1,-1,-1,-1,-1,-1,-1,-1,-1,0,-1,0,-1,-1,-1,-1,0,-1,-1,0,-1,-1,-1,0,-1,0,-1,-1,0,0,-1,-1,-1,-1,-1,0,0,-1,-1,-1,-1,-1,0,-1,0,-1,-1,-1,-1,-1,-1,-1,-1,-1,-1,-1,0,-1,0,-1,0,0,0,0,0,-1,0,-1,-1,0,-1,0,-1,0,-1,-1,-1,-1,-1,-1,0,-1,-1,0,-1,-1,-1,0,0,-1,-1,-1,-1,0,0,-1,0,-1,-1,-1,-1,-1,0,0,-1,0,-1,-1,0,-1,0,-1,-1,-1,-1,-1,-1,-1,0,-1,-1,0,-1,-1,-1,-1,-1,0,0,-1,-1,0,-1,-1,-1,-1,-1,0,-1,0,-1,-1,-1,-1,-1,-1,0,-1,-1,-1,-1,0,-1,-1,-1,-1,0,-1,-1,-1,-1,-1,-1,-1,-1,0,0,-1,0,-1,-1,0,-1,0,-1,-1,0,-1,-1,-1,-1,-1,-1,-1,-1,-1,0,-1,0,-1,-1,0,0,-1,-1,0,0,0,-1,-1,-1,-1,-1,-1,-1,-1,-1,0,0,-1,-1,-1,-1,-1,-1,-1,-1,-1,-1,0,-1,-1,0,-1,0,0,-1,-1,-1,-1,-1,-1,-1,0,-1,-1,-1,-1,-1,-1,-1,-1,-1,-1,0,-1,-1,-1,-1,-1,-1,0,0,-1,0,-1,0,-1,-1,-1,-1,0,0,0,-1,0,-1,-1,-1,-1,0,-1,-1,0,-1,0,-1,-1,0,-1,0,0,-1,0,-1,-1,-1,-1,-1,0,0,-1,-1,0,-1,-1,-1,-1,-1,-1,-1,-1,-1,-1,-1,0,-1,-1,0,0,-1,0,-1,-1,-1,-1,-1,-1,-1,0,-1,-1,-1,0,0,-1,-1,-1,0,0,-1,0,-1,-1,-1,-1,-1,-1,-1,-1,-1,-1,-1,-1,-1,0,0,0,-1,-1,-1,-1,0,-1,-1,0,-1,-1,0,-1,0,0,-1,-1,-1,0,-1,-1,0,-1,0,-1,-1,0,-1,-1,0,0,-1,-1,-1,-1,-1,-1,-1,0,-1,-1,0,-1,-1,-1,-1,0,-1,0,-1,-1,0,-1,-1,0,0,-1,0,-1,-1,0,0,-1,-1,0,-1,-1,-1,-1,-1,-1,-1,0,-1,0,-1,0,-1,-1,-1,-1,-1,-1,-1,-1,-1,0,0,0,0,-1,0,0,-1,0,0,0,0,0,-1,-1,-1,-1,-1,-1]

subspace: [5, 6]
[-1,-1,-1,-1,-1,0,-1,0,0,0,-1,-1,-1,0,-1,-1,-1,-1,-1,-1,0,-1,-1,-1,-1,-1,-1,-1,-1,0,-1,0,-1,-1,-1,-1,-1,-1,-1,-1,-1,-1,-1,-1,-1,0,-1,-1,0,-1,-1,-1,-1,-1,-1,-1,-1,-1,-1,-1,-1,-1,0,-1,-1,-1,-1,-1,-1,0,-1,-1,-1,-1,-1,-1,-1,-1,-1,-1,0,-1,0,0,-1,-1,-1,-1,-1,-1,-1,-1,-1,-1,-1,-1,-1,-1,-1,-1,-1,-1,-1,-1,-1,-1,-1,-1,-1,-1,-1,0,-1,-1,-1,-1,-1,-1,-1,-1,-1,-1,-1,-1,0,-1,-1,0,-1,-1,-1,-1,-1,-1,-1,-1,-1,-1,-1,-1,-1,-1,-1,-1,-1,-1,-1,0,-1,-1,-1,-1,-1,-1,-1,-1,-1,-1,-1,-1,-1,-1,-1,-1,0,-1,-1,-1,-1,0,-1,-1,-1,-1,0,-1,0,-1,0,-1,-1,-1,-1,0,-1,-1,-1,-1,-1,-1,-1,-1,-1,-1,-1,0,-1,-1,-1,-1,-1,-1,-1,-1,-1,-1,0,-1,-1,-1,-1,-1,0,-1,-1,0,0,-1,-1,-1,-1,-1,-1,-1,-1,-1,-1,-1,-1,-1,-1,-1,-1,-1,-1,-1,-1,-1,0,-1,-1,-1,-1,-1,-1,-1,-1,-1,-1,-1,-1,-1,-1,-1,-1,-1,-1,0,-1,-1,-1,-1,-1,-1,-1,-1,-1,-1,0,-1,-1,0,-1,-1,-1,-1,-1,-1,-1,0,-1,0,0,-1,-1,0,0,-1,-1,-1,-1,-1,-1,-1,-1,-1,-1,0,-1,-1,0,-1,-1,-1,-1,0,0,-1,-1,-1,-1,0,-1,-1,-1,-1,-1,-1,-1,-1,-1,-1,-1,-1,-1,0,-1,-1,0,-1,-1,0,-1,-1,-1,-1,-1,-1,0,-1,-1,-1,-1,-1,-1,-1,0,-1,0,-1,-1,-1,0,-1,-1,-1,-1,-1,-1,0,-1,-1,-1,-1,-1,-1,-1,-1,-1,-1,0,-1,-1,-1,0,-1,-1,0,-1,-1,-1,-1,-1,-1,0,0,-1,-1,-1,0,-1,0,-1,-1,-1,-1,-1,-1,-1,-1,-1,-1,0,-1,-1,0,0,-1,-1,-1,-1,-1,-1,-1,-1,-1,-1,-1,0,-1,-1,-1,-1,-1,-1,-1,-1,-1,-1,-1,-1,-1,-1,-1,-1,-1,0,-1,-1,-1,-1,-1,0,-1,-1,-1,-1,-1,-1,-1,-1,-1,-1,0,0,-1,-1,0,-1,0,-1,-1,-1,-1,-1,0,-1,-1,-1,-1,-1,-1,-1,-1,-1,-1,-1,0,-1,0,0,-1,-1,-1,-1,-1,-1,-1,-1,0,-1,-1,-1,-1,-1,-1,0,-1,-1,-1,-1,-1,-1,-1,-1,-1,-1,-1,-1,-1,-1,-1,-1,-1,-1,-1,-1,-1,-1,-1,0,-1,-1,-1,-1,-1,-1,-1,-1,-1,-1,-1,-1,-1,-1,0,-1,-1,-1,-1,-1,-1,-1,-1,-1,-1,-1,-1,-1,-1,-1,-1,-1,-1,-1,-1,0,-1,-1,-1,-1,-1,-1,-1,-1,-1,-1,-1,-1,-1,-1,-1,-1,-1,-1,-1,-1,-1,-1,-1,-1,-1,0,-1,-1,-1,-1,-1,-1,-1,-1,-1,-1,-1,-1,-1,-1,-1,-1,-1,-1,0,-1,-1,-1,-1,-1,-1,-1,-1,-1,-1,0,-1,0,-1,-1,-1,-1,0,-1,-1,-1,-1,-1,-1,-1,-1,-1,-1,-1,-1,-1,-1,-1,-1,-1,-1,-1,-1,-1,0,0,-1,-1,-1,-1,-1,-1,-1,-1,0,-1,-1,0,-1,-1,-1,0,-1,-1,-1,-1,0,-1,-1,-1,-1,-1,-1,-1,-1,-1,-1,-1,-1,-1,-1,-1,-1,0,-1,-1,-1,-1,-1,-1,-1,-1,-1,-1,-1,-1,-1,-1,-1,-1,-1,-1,-1,-1,-1,-1,-1,-1,-1,-1,-1,-1,-1,-1,-1,0,-1,-1,-1,-1,-1,-1,-1,-1,-1,-1,0,-1,-1,-1,0,-1,-1,-1,-1,-1,-1,-1,-1,-1,-1,-1,-1,0,-1,-1,-1,-1,-1,-1,-1,-1,-1,-1,-1,-1,-1,-1,-1,-1,-1,0,-1,-1,-1,-1,-1,-1,-1,-1,-1,-1,0,-1,-1,-1,-1,-1,-1,-1,-1,-1,-1,-1,-1,-1,-1,-1,0,-1,-1,-1,-1,-1,-1,0,0,-1,-1,-1,-1,-1,-1,-1]

subspace: [3, 5]
[-1,-1,-1,-1,-1,-1,-1,-1,-1,0,-1,-1,-1,0,-1,-1,-1,-1,-1,-1,0,-1,-1,-1,-1,-1,-1,-1,-1,-1,-1,0,-1,-1,-1,-1,-1,-1,-1,-1,-1,0,0,-1,-1,0,0,-1,0,-1,0,-1,-1,0,0,0,0,-1,-1,-1,-1,-1,-1,-1,-1,-1,-1,0,-1,-1,-1,-1,-1,-1,-1,-1,-1,-1,-1,0,0,-1,0,-1,-1,-1,-1,-1,-1,-1,0,-1,-1,-1,-1,0,-1,0,-1,-1,-1,-1,-1,-1,-1,-1,-1,-1,-1,-1,-1,-1,-1,-1,-1,-1,-1,-1,-1,-1,-1,-1,-1,-1,-1,0,-1,-1,-1,-1,-1,-1,-1,-1,0,-1,-1,-1,-1,-1,-1,-1,-1,-1,-1,0,-1,-1,-1,-1,-1,-1,-1,0,-1,-1,-1,-1,-1,-1,-1,-1,-1,-1,-1,-1,-1,-1,-1,-1,-1,-1,0,-1,-1,-1,-1,-1,-1,-1,0,-1,0,-1,-1,-1,-1,-1,-1,-1,-1,-1,-1,-1,-1,-1,-1,-1,-1,-1,-1,-1,-1,-1,-1,0,0,-1,-1,-1,-1,-1,-1,-1,-1,-1,-1,-1,-1,-1,-1,-1,-1,-1,-1,-1,-1,-1,-1,-1,-1,-1,0,-1,-1,0,-1,-1,-1,-1,-1,-1,-1,-1,-1,-1,-1,-1,-1,-1,0,-1,-1,-1,-1,-1,-1,-1,-1,-1,0,-1,-1,-1,-1,-1,-1,-1,-1,-1,-1,0,-1,-1,-1,-1,-1,0,-1,0,-1,-1,0,-1,-1,-1,-1,-1,-1,-1,-1,-1,-1,0,-1,-1,0,-1,-1,-1,-1,-1,0,-1,0,-1,-1,-1,0,-1,0,-1,-1,-1,-1,-1,-1,-1,-1,-1,-1,-1,-1,-1,0,-1,-1,-1,0,-1,0,-1,-1,-1,-1,0,-1,-1,0,-1,-1,-1,-1,-1,-1,-1,-1,-1,-1,-1,-1,-1,0,-1,0,-1,-1,-1,-1,0,0,-1,-1,-1,-1,-1,-1,-1,-1,-1,-1,0,-1,-1,-1,-1,-1,-1,-1,0,-1,-1,-1,0,-1,0,-1,0,-1,-1,-1,-1,0,-1,-1,-1,-1,-1,-1,-1,0,-1,0,-1,-1,-1,0,-1,-1,0,0,-1,-1,-1,-1,-1,-1,0,0,-1,-1,-1,-1,-1,-1,-1,-1,-1,-1,-1,-1,-1,-1,-1,-1,-1,-1,-1,-1,0,-1,-1,-1,0,-1,-1,-1,-1,-1,0,-1,-1,-1,-1,0,-1,-1,-1,-1,-1,-1,-1,-1,-1,-1,-1,-1,-1,-1,-1,-1,-1,-1,-1,-1,-1,-1,-1,-1,-1,-1,-1,-1,-1,-1,-1,-1,-1,-1,-1,-1,-1,-1,-1,-1,-1,0,0,-1,0,-1,0,-1,-1,-1,-1,-1,-1,-1,-1,-1,-1,-1,-1,-1,-1,-1,-1,-1,-1,-1,-1,-1,-1,-1,-1,-1,-1,-1,-1,-1,-1,-1,-1,-1,-1,-1,-1,-1,-1,-1,-1,0,-1,-1,-1,0,-1,-1,-1,-1,0,-1,-1,-1,-1,-1,-1,-1,-1,-1,-1,-1,-1,-1,-1,-1,-1,0,-1,-1,-1,-1,-1,-1,-1,-1,-1,-1,-1,-1,-1,0,-1,-1,-1,-1,-1,-1,-1,-1,-1,-1,-1,-1,-1,-1,-1,-1,-1,0,-1,-1,0,-1,-1,-1,0,-1,-1,0,-1,-1,-1,-1,-1,-1,-1,-1,-1,0,-1,-1,-1,-1,-1,-1,-1,-1,-1,-1,-1,-1,-1,-1,-1,-1,-1,-1,-1,-1,-1,-1,-1,-1,-1,-1,-1,-1,-1,-1,-1,0,-1,0,-1,-1,-1,-1,-1,-1,0,0,-1,-1,-1,-1,-1,-1,-1,-1,-1,-1,-1,-1,-1,-1,0,-1,-1,-1,-1,-1,-1,0,-1,-1,0,-1,-1,-1,-1,-1,-1,-1,-1,-1,-1,-1,-1,-1,0,-1,-1,-1,-1,-1,-1,-1,0,0,-1,-1,-1,-1,-1,-1,-1,-1,-1,-1,-1,-1,-1,-1,-1,-1,-1,-1,-1,-1,-1,0,-1,-1,-1,-1,-1,-1,-1,0,-1,-1,0,-1,-1,-1,-1,-1,-1,0,-1,-1,0,-1,-1,0,-1,-1,-1,0,-1,-1,-1,-1,-1,0,-1,-1,-1,0,-1,-1,-1,-1,-1,-1,-1,-1,-1,-1,-1,-1,-1,-1,-1,-1,-1,-1,-1,-1,-1,-1,-1,-1,-1,0,-1,-1,-1,-1]

subspace: [0, 7]
[-1,0,-1,-1,-1,-1,-1,-1,-1,-1,-1,-1,-1,-1,-1,-1,0,0,-1,-1,-1,-1,-1,-1,-1,-1,-1,-1,-1,-1,-1,-1,-1,-1,-1,-1,-1,-1,-1,-1,-1,-1,-1,0,0,-1,-1,-1,-1,-1,-1,-1,-1,-1,-1,-1,-1,-1,-1,-1,-1,-1,-1,-1,-1,-1,-1,-1,0,-1,0,-1,-1,-1,-1,-1,-1,0,-1,-1,-1,-1,-1,-1,-1,-1,-1,-1,-1,-1,-1,-1,-1,-1,-1,-1,-1,-1,-1,-1,-1,0,-1,-1,-1,-1,-1,-1,-1,-1,-1,-1,0,-1,-1,-1,0,0,-1,-1,-1,0,0,-1,-1,-1,-1,-1,0,-1,-1,-1,-1,-1,-1,0,-1,-1,-1,-1,-1,-1,-1,0,-1,-1,-1,-1,0,-1,-1,-1,-1,-1,-1,-1,-1,-1,-1,-1,-1,-1,0,-1,-1,-1,-1,-1,-1,-1,0,-1,-1,-1,-1,-1,-1,-1,-1,-1,-1,-1,-1,-1,-1,-1,0,-1,-1,0,-1,0,-1,-1,0,-1,-1,-1,-1,0,-1,-1,-1,-1,-1,-1,-1,-1,-1,0,0,-1,-1,-1,-1,-1,-1,-1,0,-1,0,-1,-1,-1,0,-1,-1,-1,-1,-1,-1,-1,-1,-1,0,-1,0,-1,-1,0,0,-1,-1,-1,-1,-1,-1,-1,-1,-1,-1,-1,-1,-1,-1,-1,-1,-1,-1,-1,-1,-1,-1,-1,-1,-1,0,-1,-1,-1,0,-1,-1,-1,-1,-1,-1,-1,-1,-1,-1,-1,-1,-1,-1,-1,-1,-1,0,-1,-1,-1,-1,-1,-1,0,-1,-1,0,-1,-1,-1,-1,-1,-1,-1,-1,-1,-1,-1,-1,-1,-1,-1,-1,-1,-1,-1,0,0,-1,-1,-1,-1,-1,-1,-1,-1,-1,-1,-1,-1,0,-1,-1,-1,-1,-1,-1,-1,-1,-1,-1,-1,-1,0,-1,-1,-1,-1,-1,-1,-1,-1,0,-1,-1,0,-1,-1,-1,-1,-1,-1,-1,-1,-1,-1,-1,-1,-1,-1,-1,0,-1,-1,0,-1,-1,-1,0,-1,-1,-1,-1,-1,-1,-1,-1,-1,-1,-1,-1,-1,0,0,-1,-1,-1,-1,-1,-1,-1,-1,-1,-1,-1,-1,-1,-1,-1,-1,-1,-1,-1,-1,-1,-1,-1,0,-1,-1,-1,0,-1,-1,-1,-1,-1,-1,-1,-1,-1,-1,0,0,-1,-1,-1,-1,-1,-1,-1,-1,-1,-1,0,-1,-1,-1,-1,-1,-1,-1,-1,-1,-1,-1,0,-1,-1,0,0,-1,-1,-1,-1,-1,0,0,-1,-1,0,-1,-1,-1,-1,-1,-1,-1,-1,0,-1,-1,-1,0,-1,0,-1,-1,-1,0,0,-1,-1,-1,-1,-1,-1,-1,-1,-1,-1,-1,-1,-1,-1,-1,-1,-1,-1,-1,-1,0,-1,-1,-1,-1,-1,-1,-1,-1,-1,-1,-1,-1,-1,-1,-1,-1,-1,-1,-1,-1,-1,-1,-1,-1,-1,-1,-1,-1,-1,0,-1,-1,-1,-1,-1,-1,-1,-1,0,-1,-1,0,-1,-1,-1,0,-1,-1,-1,-1,0,-1,-1,-1,-1,-1,-1,-1,-1,-1,-1,-1,-1,-1,-1,-1,-1,-1,-1,-1,-1,-1,-1,-1,-1,-1,-1,0,-1,-1,-1,-1,0,-1,-1,-1,-1,-1,-1,-1,0,-1,-1,-1,-1,-1,-1,-1,-1,-1,-1,0,-1,-1,-1,-1,-1,-1,-1,-1,-1,-1,-1,-1,-1,-1,-1,-1,-1,-1,-1,-1,-1,-1,-1,-1,-1,-1,-1,0,-1,0,-1,-1,0,-1,-1,-1,-1,-1,-1,-1,-1,-1,-1,-1,-1,-1,-1,-1,-1,-1,-1,-1,-1,0,-1,-1,-1,-1,-1,0,-1,-1,-1,0,-1,-1,-1,0,-1,0,-1,-1,-1,-1,-1,-1,-1,-1,-1,-1,-1,-1,-1,-1,0,-1,-1,-1,-1,-1,0,-1,-1,-1,-1,-1,-1,0,-1,-1,-1,-1,-1,-1,-1,-1,-1,-1,-1,-1,-1,-1,-1,0,-1,-1,-1,-1,-1,-1,-1,-1,-1,-1,-1,-1,-1,-1,-1,-1,-1,-1,0,0,-1,-1,-1,-1,-1,0,-1,-1,-1,0,-1,-1,-1,-1,-1,0,-1,-1,-1,-1,-1,-1,-1,0,0,-1,0,-1,-1,-1,-1,-1,-1,-1,-1,-1,-1,-1,-1,-1,-1,-1,-1,-1,-1,0,-1,-1,-1,-1,-1]

subspace: [2, 7]
[-1,0,-1,-1,0,-1,-1,-1,0,-1,0,-1,-1,0,0,0,-1,-1,-1,-1,0,-1,0,0,-1,-1,-1,0,0,0,0,0,-1,-1,-1,0,-1,-1,0,-1,-1,-1,-1,-1,-1,0,-1,-1,0,-1,0,-1,0,-1,0,0,0,0,-1,0,0,-1,0,-1,-1,-1,-1,-1,-1,0,-1,-1,0,0,0,0,0,-1,-1,-1,0,-1,0,0,-1,-1,0,0,-1,0,-1,-1,-1,0,0,-1,-1,0,-1,0,0,-1,0,-1,-1,-1,0,-1,0,0,-1,0,0,-1,0,-1,-1,-1,-1,0,-1,-1,-1,0,-1,-1,-1,0,-1,-1,-1,0,0,0,0,-1,-1,0,-1,-1,0,-1,0,-1,-1,-1,-1,0,-1,-1,0,-1,0,0,0,0,0,-1,-1,-1,-1,-1,-1,0,-1,-1,-1,-1,-1,0,-1,-1,0,-1,0,0,-1,-1,0,-1,0,-1,0,-1,-1,-1,-1,-1,0,-1,-1,-1,-1,-1,-1,0,0,0,0,-1,0,-1,-1,-1,-1,-1,0,-1,-1,0,0,0,-1,0,-1,0,0,0,-1,0,-1,-1,-1,-1,0,0,-1,-1,0,0,-1,-1,0,0,-1,-1,-1,0,0,-1,-1,-1,-1,0,-1,0,-1,0,0,-1,0,-1,0,-1,-1,-1,-1,-1,-1,0,0,-1,-1,0,-1,-1,-1,0,0,-1,-1,0,-1,-1,-1,-1,0,0,-1,0,0,0,0,-1,-1,0,0,0,-1,-1,-1,-1,-1,0,0,-1,0,0,-1,-1,0,-1,-1,0,-1,-1,0,-1,0,0,-1,0,0,-1,0,-1,-1,0,-1,-1,-1,0,-1,-1,-1,0,0,-1,0,-1,-1,0,-1,0,0,-1,-1,0,0,-1,0,0,0,0,0,-1,0,-1,-1,-1,-1,-1,0,-1,-1,-1,0,-1,0,-1,0,0,0,-1,-1,-1,-1,0,0,-1,0,-1,-1,0,-1,0,-1,0,0,0,-1,-1,0,0,-1,0,-1,0,-1,0,-1,0,0,0,-1,0,-1,-1,0,-1,-1,-1,0,-1,-1,0,0,0,0,0,0,-1,0,-1,-1,0,0,0,0,-1,0,-1,0,-1,-1,-1,0,-1,-1,0,-1,-1,0,-1,0,-1,0,0,-1,0,-1,0,0,-1,0,0,-1,0,-1,0,-1,0,0,0,0,-1,0,0,-1,0,0,0,-1,-1,-1,-1,0,0,-1,-1,0,-1,-1,0,-1,-1,0,-1,-1,0,-1,0,-1,-1,0,-1,-1,0,0,-1,-1,-1,-1,0,-1,0,-1,-1,-1,-1,0,0,0,0,-1,0,0,-1,-1,-1,0,-1,-1,0,0,0,-1,-1,-1,-1,0,-1,0,-1,-1,0,-1,-1,0,-1,-1,-1,0,-1,-1,0,0,-1,-1,-1,0,0,0,-1,0,-1,0,-1,-1,0,0,0,-1,-1,-1,-1,0,-1,-1,-1,0,-1,0,0,0,-1,0,-1,0,-1,-1,-1,0,0,0,-1,0,0,0,-1,0,-1,0,-1,-1,0,-1,-1,-1,0,-1,-1,-1,0,-1,-1,-1,0,0,-1,-1,-1,-1,0,0,0,0,0,0,-1,-1,0,0,-1,0,-1,0,0,-1,0,-1,0,0,-1,-1,-1,0,0,-1,0,0,-1,0,-1,-1,-1,-1,-1,0,0,-1,0,0,-1,-1,-1,-1,-1,0,-1,-1,0,0,-1,0,-1,-1,-1,-1,0,-1,-1,-1,0,0,0,0,-1,0,-1,-1,0,0,0,-1,-1,-1,0,-1,-1,-1,0,-1,-1,-1,-1,-1,0,0,-1,-1,0,-1,0,0,-1,0,-1,-1,-1,-1,0,-1,-1,-1,0,-1,-1,0,0,0,-1,0,0,-1,-1,-1,-1,-1,0,-1,-1,0,0,-1,0,0,0,0,-1,-1,-1,0,-1,0,0,-1,0,-1,0,0,-1,0,-1,0,-1,0,0,-1,-1,0,0,-1,0,-1,-1,0,0,-1,-1,0,0,0,-1,-1,-1,0,-1,0,0,0,0,0,-1,-1,0,0,-1,-1,-1,0,-1,0,-1,0,0,-1,0,-1,-1,0,0,0,0,-1,-1,0,-1,-1,-1,-1]

subspace: [9, 2]
[-1,-1,-1,-1,0,0,-1,-1,-1,-1,0,-1,-1,0,0,-1,-1,-1,-1,-1,-1,-1,0,-1,-1,-1,-1,-1,0,-1,0,-1,-1,-1,0,0,-1,-1,0,-1,-1,-1,0,-1,-1,0,0,-1,0,-1,0,-1,0,0,-1,0,0,0,-1,0,-1,-1,-1,-1,-1,-1,-1,-1,-1,-1,-1,-1,0,-1,0,0,0,-1,-1,-1,0,-1,-1,0,0,-1,0,0,-1,0,0,-1,-1,-1,0,-1,-1,-1,-1,0,-1,-1,0,-1,-1,-1,-1,-1,-1,-1,-1,-1,0,-1,0,-1,-1,-1,-1,0,-1,-1,-1,0,0,-1,-1,-1,-1,-1,-1,0,0,0,-1,-1,-1,-1,-1,-1,0,-1,0,-1,-1,-1,-1,-1,-1,-1,-1,-1,0,0,-1,0,0,0,0,-1,-1,-1,-1,0,0,-1,-1,-1,-1,-1,-1,-1,0,-1,0,-1,-1,0,0,-1,-1,-1,-1,-1,-1,-1,-1,-1,0,-1,-1,-1,-1,-1,-1,-1,-1,0,-1,-1,-1,-1,-1,-1,-1,0,-1,-1,-1,0,0,-1,-1,-1,-1,-1,-1,-1,-1,0,-1,-1,-1,-1,-1,-1,-1,-1,0,0,-1,0,-1,-1,-1,-1,-1,-1,0,-1,-1,-1,-1,-1,-1,0,-1,-1,0,-1,0,-1,0,-1,0,-1,0,0,-1,-1,-1,-1,-1,0,-1,-1,-1,0,-1,-1,-1,0,-1,-1,-1,0,0,-1,-1,-1,-1,0,-1,-1,-1,0,0,0,-1,-1,-1,-1,-1,-1,0,-1,0,0,-1,0,0,-1,-1,0,0,-1,-1,-1,-1,0,0,-1,-1,-1,0,-1,-1,0,-1,-1,-1,0,-1,0,-1,-1,0,-1,-1,-1,0,-1,-1,0,-1,0,-1,0,-1,-1,0,0,0,-1,0,-1,-1,-1,0,-1,-1,-1,0,-1,-1,-1,0,-1,0,-1,0,-1,-1,-1,-1,0,-1,-1,-1,-1,-1,-1,-1,0,-1,-1,-1,0,0,-1,-1,-1,-1,-1,0,0,-1,0,-1,0,0,0,-1,-1,-1,0,-1,-1,0,-1,-1,0,-1,-1,0,0,-1,0,0,0,0,0,0,-1,-1,0,0,0,0,-1,0,-1,0,-1,-1,-1,0,0,-1,0,-1,-1,0,-1,0,-1,-1,-1,-1,0,-1,-1,0,-1,0,0,-1,0,-1,0,-1,0,0,-1,0,-1,-1,0,-1,-1,-1,0,-1,-1,-1,0,-1,-1,-1,-1,-1,0,-1,-1,-1,-1,-1,0,-1,-1,-1,-1,-1,0,0,-1,-1,-1,0,-1,-1,-1,-1,0,-1,0,-1,-1,-1,0,0,0,-1,-1,-1,0,0,-1,-1,-1,0,-1,-1,0,0,0,-1,-1,0,0,0,-1,-1,-1,-1,0,-1,-1,-1,-1,-1,-1,0,-1,-1,0,0,-1,-1,-1,-1,0,-1,-1,0,0,0,-1,-1,-1,0,-1,-1,-1,-1,-1,0,0,-1,-1,-1,-1,-1,0,-1,0,-1,-1,0,-1,-1,0,-1,-1,0,-1,0,0,-1,0,0,-1,-1,-1,-1,-1,-1,-1,-1,0,-1,-1,-1,0,-1,-1,-1,-1,0,-1,-1,-1,-1,0,0,-1,0,0,0,-1,-1,-1,0,-1,0,-1,-1,0,-1,0,0,0,-1,-1,-1,-1,0,0,-1,0,0,-1,-1,-1,-1,-1,-1,-1,-1,0,-1,0,-1,-1,-1,-1,-1,-1,0,-1,-1,0,-1,-1,0,-1,0,-1,-1,-1,-1,-1,-1,0,-1,0,-1,-1,0,-1,-1,0,-1,0,-1,-1,-1,0,0,-1,0,0,-1,-1,-1,-1,0,-1,0,-1,0,0,-1,0,0,-1,0,-1,-1,-1,-1,0,-1,-1,0,-1,-1,-1,0,-1,0,-1,0,0,0,-1,-1,0,-1,0,-1,-1,0,-1,-1,0,0,-1,0,-1,-1,-1,-1,-1,-1,-1,-1,0,-1,0,0,-1,0,-1,0,-1,0,0,-1,-1,-1,0,-1,0,-1,-1,0,0,0,-1,0,0,-1,-1,-1,-1,-1,-1,0,0,0,0,-1,-1,-1,0,-1,-1,-1,-1,-1,-1,0,-1,-1,0,-1,0,-1,-1,0,-1,0,-1,0,-1,0,-1,-1,-1,0]

subspace: [5, 7]
[-1,-1,-1,-1,0,-1,0,-1,0,-1,0,0,-1,0,0,0,-1,0,0,-1,0,0,-1,0,0,-1,0,0,-1,0,0,0,-1,-1,-1,-1,0,-1,0,-1,0,-1,-1,0,0,0,-1,0,0,-1,0,-1,0,-1,0,0,0,0,-1,0,-1,-1,0,-1,-1,0,-1,-1,0,0,-1,0,0,-1,0,-1,0,0,-1,0,0,-1,0,0,-1,-1,-1,0,0,0,-1,-1,-1,0,0,-1,0,0,-1,-1,0,0,0,-1,-1,0,-1,-1,-1,-1,-1,0,-1,-1,0,0,0,0,-1,0,-1,0,-1,0,-1,-1,-1,0,0,-1,0,0,0,0,0,0,-1,-1,0,0,0,-1,0,0,-1,0,-1,0,-1,-1,-1,-1,0,0,-1,0,0,-1,-1,-1,-1,-1,0,0,-1,-1,0,0,-1,0,0,-1,0,-1,0,0,0,-1,0,0,0,-1,0,-1,-1,-1,-1,-1,-1,-1,-1,0,-1,-1,-1,0,0,0,-1,-1,0,0,0,0,0,-1,0,-1,0,-1,-1,0,-1,0,-1,0,0,0,-1,0,0,-1,-1,0,-1,0,0,-1,0,-1,-1,-1,0,0,0,-1,0,0,0,0,0,-1,-1,0,-1,-1,-1,0,-1,0,0,-1,0,0,-1,0,-1,-1,-1,0,0,0,-1,-1,0,-1,-1,-1,0,0,0,0,0,-1,0,-1,0,0,0,0,0,0,0,-1,-1,0,0,-1,0,0,0,0,-1,0,0,0,0,0,-1,-1,0,0,0,-1,-1,0,0,0,0,-1,-1,0,-1,-1,-1,-1,-1,-1,-1,0,-1,0,0,-1,0,0,0,0,0,0,-1,0,0,0,-1,-1,0,-1,0,-1,0,0,0,-1,-1,-1,0,-1,-1,-1,0,0,0,0,0,-1,0,0,0,0,0,0,-1,0,0,-1,0,-1,0,0,0,0,-1,-1,-1,-1,0,0,0,0,0,0,0,0,-1,0,-1,0,0,0,-1,0,0,0,-1,-1,0,-1,-1,0,0,-1,0,-1,-1,0,0,0,-1,0,0,-1,0,-1,0,0,-1,0,0,-1,0,-1,0,0,-1,-1,-1,-1,0,0,0,-1,0,-1,-1,0,0,-1,-1,0,-1,0,0,-1,0,0,0,-1,-1,0,-1,0,0,0,0,0,-1,0,0,0,0,-1,-1,0,0,-1,0,0,0,0,0,-1,0,0,-1,-1,0,-1,-1,0,-1,-1,0,-1,0,-1,-1,-1,0,0,-1,-1,0,0,-1,0,-1,-1,0,-1,0,0,0,-1,0,0,0,-1,-1,-1,-1,0,-1,-1,-1,0,-1,-1,-1,-1,0,0,0,-1,0,0,-1,-1,0,0,-1,0,0,0,0,0,0,-1,0,-1,0,0,0,-1,0,-1,0,0,-1,-1,-1,0,0,0,0,0,0,-1,-1,0,-1,0,-1,-1,-1,-1,-1,0,0,0,-1,-1,0,0,0,0,-1,-1,0,-1,-1,-1,0,0,-1,0,-1,-1,0,-1,0,-1,0,-1,0,0,0,-1,0,-1,-1,-1,0,0,-1,0,0,0,-1,-1,-1,0,0,0,0,0,-1,0,-1,0,-1,0,0,0,-1,-1,0,-1,0,-1,0,0,0,0,0,-1,-1,-1,0,0,-1,0,0,0,-1,-1,0,0,-1,0,0,0,0,0,0,0,-1,-1,-1,-1,-1,-1,0,0,0,-1,-1,0,0,0,0,0,-1,0,-1,-1,-1,0,-1,0,-1,0,-1,0,-1,-1,-1,0,0,-1,-1,-1,0,0,0,-1,-1,-1,0,-1,0,0,-1,0,-1,0,-1,-1,0,0,0,0,0,0,-1,-1,0,-1,-1,0,-1,-1,-1,0,0,-1,0,0,0,-1,0,-1,0,0,0,-1,0,0,-1,0,0,-1,0,-1,0,0,0,0,0,-1,0,0,-1,0,-1,-1,0,0,-1,-1,0,-1,-1,-1,-1,0,0,0,0,0,0,-1,0,-1,-1,-1,-1,0,-1,-1,-1,0,0,-1,0,0,0,0,-1,-1,0,0,0,0,-1,-1,0,-1,-1,-1,-1]

subspace: [4, 7]
[-1,-1,-1,-1,0,-1,-1,-1,-1,-1,-1,-1,-1,-1,0,-1,-1,-1,-1,-1,0,-1,-1,0,-1,-1,-1,0,-1,-1,0,0,-1,-1,-1,-1,-1,-1,0,-1,-1,-1,-1,-1,-1,-1,-1,-1,0,-1,-1,-1,-1,-1,-1,-1,0,-1,-1,0,-1,-1,-1,-1,-1,-1,-1,-1,-1,-1,-1,-1,-1,-1,0,-1,-1,-1,-1,-1,0,-1,0,0,-1,-1,-1,0,-1,-1,-1,-1,-1,-1,-1,-1,-1,0,-1,-1,-1,-1,0,-1,-1,-1,-1,-1,-1,-1,-1,-1,-1,-1,0,-1,-1,-1,0,0,-1,-1,-1,0,-1,-1,-1,-1,-1,-1,-1,-1,-1,-1,0,-1,-1,-1,-1,-1,-1,-1,-1,-1,-1,-1,-1,0,-1,-1,-1,-1,0,0,-1,0,0,-1,-1,-1,-1,-1,-1,-1,-1,-1,-1,-1,-1,0,-1,-1,0,-1,-1,-1,-1,-1,0,-1,-1,-1,-1,-1,-1,-1,-1,-1,0,-1,-1,-1,-1,-1,-1,-1,-1,0,-1,-1,-1,-1,-1,-1,-1,-1,-1,-1,0,-1,-1,-1,-1,0,-1,0,0,0,-1,-1,-1,-1,-1,-1,-1,-1,-1,-1,-1,-1,-1,-1,-1,0,-1,-1,-1,-1,-1,-1,-1,-1,-1,-1,-1,-1,-1,-1,-1,-1,-1,-1,-1,-1,-1,-1,-1,-1,-1,-1,-1,-1,-1,-1,-1,-1,-1,-1,-1,-1,-1,-1,-1,-1,-1,-1,-1,0,-1,0,-1,-1,0,-1,-1,-1,-1,-1,-1,-1,-1,-1,-1,-1,-1,-1,-1,-1,-1,-1,0,0,-1,-1,-1,-1,-1,-1,-1,0,-1,-1,-1,-1,-1,-1,-1,-1,-1,-1,-1,-1,-1,-1,0,-1,-1,-1,-1,0,-1,-1,-1,-1,-1,-1,-1,-1,0,-1,-1,0,-1,-1,-1,-1,0,-1,-1,-1,0,-1,-1,-1,-1,-1,-1,-1,-1,-1,0,-1,-1,-1,-1,-1,-1,-1,0,-1,-1,-1,-1,-1,-1,-1,-1,0,0,-1,-1,-1,-1,-1,-1,0,-1,-1,-1,-1,-1,0,-1,0,-1,-1,-1,-1,-1,-1,-1,-1,-1,-1,-1,0,-1,0,-1,0,0,-1,0,-1,-1,0,-1,-1,0,-1,0,-1,0,-1,-1,-1,-1,-1,-1,0,-1,-1,0,-1,-1,-1,0,0,-1,-1,-1,-1,0,-1,-1,-1,-1,-1,-1,-1,-1,-1,-1,-1,-1,-1,-1,-1,-1,-1,-1,-1,-1,-1,-1,-1,-1,0,-1,-1,0,-1,-1,-1,-1,-1,0,-1,-1,-1,-1,-1,-1,-1,-1,-1,-1,-1,0,-1,-1,-1,-1,-1,-1,-1,-1,-1,-1,-1,0,-1,-1,-1,-1,0,-1,-1,-1,-1,-1,-1,-1,-1,0,0,-1,-1,-1,-1,0,-1,0,-1,-1,0,-1,-1,-1,-1,-1,-1,-1,-1,-1,-1,-1,-1,-1,-1,0,0,-1,-1,-1,-1,0,-1,-1,-1,-1,-1,-1,-1,-1,-1,0,-1,-1,-1,-1,-1,-1,-1,-1,-1,-1,-1,-1,-1,-1,-1,-1,0,0,-1,-1,-1,-1,-1,-1,-1,0,-1,-1,-1,-1,-1,-1,-1,-1,-1,-1,-1,-1,-1,-1,-1,-1,-1,-1,-1,-1,0,-1,-1,-1,-1,-1,-1,-1,-1,0,-1,0,-1,-1,-1,-1,0,-1,-1,-1,-1,-1,-1,-1,-1,-1,0,0,-1,-1,0,-1,-1,-1,-1,-1,-1,-1,-1,-1,-1,-1,-1,-1,-1,-1,-1,-1,-1,-1,-1,0,0,-1,-1,-1,-1,-1,-1,-1,-1,-1,-1,-1,-1,-1,-1,-1,-1,0,0,-1,-1,-1,0,-1,-1,-1,-1,-1,-1,-1,-1,-1,-1,-1,-1,-1,-1,-1,-1,0,-1,0,-1,-1,-1,-1,-1,-1,-1,-1,-1,-1,-1,-1,-1,0,-1,-1,-1,-1,-1,-1,-1,-1,0,-1,-1,-1,-1,-1,0,0,-1,-1,-1,-1,-1,-1,-1,-1,-1,-1,-1,-1,-1,-1,-1,-1,-1,0,-1,-1,-1,-1,-1,0,-1,-1,0,-1,-1,0,-1,-1,-1,0,-1,-1,-1,-1,-1,-1,-1,-1,-1,0,-1,0,-1,-1,-1,-1,-1,-1,-1,-1,-1,-1,-1,0,0,-1,0,-1,-1,0,0,0,0,-1,-1,-1,-1,-1,-1,-1]

subspace: [2, 5, 7]
[-1,-1,-1,-1,0,-1,-1,-1,0,-1,0,-1,-1,0,0,0,-1,-1,-1,-1,0,-1,-1,0,-1,-1,-1,0,-1,0,0,0,-1,-1,-1,-1,-1,-1,0,-1,-1,-1,-1,-1,-1,0,-1,-1,0,-1,0,-1,0,-1,0,0,0,0,-1,0,-1,-1,0,-1,-1,-1,-1,-1,-1,0,-1,-1,0,-1,0,-1,0,-1,-1,-1,0,-1,0,0,-1,-1,-1,0,-1,0,-1,-1,-1,0,0,-1,-1,0,-1,-1,0,-1,0,-1,-1,-1,-1,-1,-1,-1,-1,0,-1,-1,0,-1,-1,-1,-1,0,-1,-1,-1,0,-1,-1,-1,0,-1,-1,-1,0,0,0,0,-1,-1,-1,-1,-1,0,-1,0,-1,-1,-1,-1,0,-1,-1,-1,-1,0,0,-1,0,0,-1,-1,-1,-1,-1,-1,0,-1,-1,-1,-1,-1,0,-1,-1,0,-1,0,0,-1,-1,0,-1,0,-1,0,-1,-1,-1,-1,-1,-1,-1,-1,-1,-1,-1,-1,0,0,0,-1,-1,0,-1,-1,-1,-1,-1,0,-1,-1,-1,-1,0,-1,0,-1,0,0,0,-1,0,-1,-1,-1,-1,-1,0,-1,-1,0,-1,-1,-1,0,0,-1,-1,-1,0,0,-1,-1,-1,-1,0,-1,-1,-1,0,-1,-1,0,-1,0,-1,-1,-1,-1,-1,-1,0,0,-1,-1,-1,-1,-1,-1,-1,0,-1,-1,0,-1,-1,-1,-1,0,0,-1,0,0,0,0,-1,-1,0,0,-1,-1,-1,-1,-1,-1,0,0,-1,0,0,-1,-1,0,-1,-1,-1,-1,-1,0,-1,0,-1,-1,0,-1,-1,-1,-1,-1,-1,-1,-1,-1,0,-1,-1,-1,0,0,-1,0,-1,-1,0,-1,0,-1,-1,-1,-1,0,-1,0,0,0,-1,-1,-1,0,-1,-1,-1,-1,-1,0,-1,-1,-1,0,-1,0,-1,0,0,-1,-1,-1,-1,-1,-1,0,-1,0,-1,-1,-1,-1,-1,-1,0,0,0,-1,-1,0,0,-1,0,-1,0,-1,0,-1,0,0,0,-1,-1,-1,-1,-1,-1,-1,-1,0,-1,-1,0,0,0,-1,0,0,-1,0,-1,-1,0,-1,0,0,-1,0,-1,0,-1,-1,-1,-1,-1,-1,0,-1,-1,0,-1,-1,-1,0,-1,-1,0,-1,0,0,-1,0,0,-1,-1,-1,0,-1,0,0,0,0,-1,-1,0,-1,0,0,-1,-1,-1,-1,-1,0,0,-1,-1,0,-1,-1,0,-1,-1,0,-1,-1,0,-1,-1,-1,-1,0,-1,-1,-1,0,-1,-1,-1,-1,0,-1,0,-1,-1,-1,-1,0,0,0,-1,-1,0,0,-1,-1,-1,-1,-1,-1,-1,-1,0,-1,-1,-1,-1,0,-1,0,-1,-1,0,-1,-1,0,-1,-1,-1,0,-1,-1,0,0,-1,-1,-1,0,0,0,-1,0,-1,0,-1,-1,-1,-1,0,-1,-1,-1,-1,0,-1,-1,-1,-1,-1,-1,-1,-1,-1,-1,-1,0,-1,-1,-1,0,0,0,-1,-1,-1,0,-1,-1,-1,0,-1,-1,0,-1,-1,-1,-1,-1,-1,-1,-1,-1,-1,-1,-1,0,-1,-1,-1,-1,0,-1,0,0,0,-1,-1,-1,0,0,-1,0,-1,-1,0,-1,0,-1,0,0,-1,-1,-1,0,-1,-1,-1,0,-1,0,-1,-1,-1,-1,-1,0,0,-1,0,0,-1,-1,-1,-1,-1,-1,-1,-1,0,0,-1,0,-1,-1,-1,-1,-1,-1,-1,-1,0,0,-1,-1,-1,0,-1,-1,0,-1,0,-1,-1,-1,0,-1,-1,-1,0,-1,-1,-1,-1,-1,0,0,-1,-1,-1,-1,0,0,-1,-1,-1,-1,-1,-1,0,-1,-1,-1,0,-1,-1,0,0,0,-1,0,0,-1,-1,-1,-1,-1,0,-1,-1,-1,0,-1,-1,0,0,0,-1,-1,-1,0,-1,0,-1,-1,0,-1,0,0,-1,0,-1,0,-1,0,0,-1,-1,0,0,-1,0,-1,-1,0,0,-1,-1,0,-1,-1,-1,-1,-1,0,-1,0,0,0,-1,0,-1,-1,-1,-1,-1,-1,-1,-1,-1,0,-1,0,0,-1,0,-1,-1,0,0,0,0,-1,-1,0,-1,-1,-1,-1]

subspace: [2, 6, 7]
[-1,-1,-1,-1,0,-1,-1,-1,0,-1,-1,-1,-1,0,-1,-1,-1,-1,-1,-1,0,-1,-1,-1,-1,-1,-1,0,-1,0,0,0,-1,-1,-1,0,-1,-1,-1,-1,-1,-1,-1,-1,-1,0,-1,-1,0,-1,-1,-1,0,-1,-1,-1,-1,-1,-1,0,-1,-1,0,-1,-1,-1,-1,-1,-1,0,-1,-1,-1,-1,-1,-1,-1,-1,-1,-1,0,-1,0,0,-1,-1,-1,-1,-1,-1,-1,-1,-1,-1,-1,-1,-1,-1,-1,-1,-1,-1,-1,-1,-1,-1,-1,-1,-1,-1,-1,0,-1,-1,0,-1,-1,-1,-1,-1,-1,-1,-1,0,-1,-1,-1,0,-1,-1,-1,0,-1,0,-1,-1,-1,-1,-1,-1,-1,-1,-1,-1,-1,-1,-1,0,-1,-1,-1,-1,0,-1,-1,-1,-1,-1,-1,-1,-1,-1,-1,-1,-1,-1,-1,-1,-1,0,-1,-1,-1,-1,0,-1,-1,-1,0,-1,-1,-1,-1,-1,-1,-1,-1,-1,-1,-1,-1,-1,-1,-1,-1,0,-1,0,-1,-1,0,-1,-1,-1,-1,-1,0,-1,-1,-1,-1,0,-1,-1,-1,0,0,-1,-1,-1,-1,-1,-1,-1,-1,-1,-1,-1,-1,-1,-1,-1,-1,-1,-1,-1,-1,-1,0,-1,-1,-1,-1,-1,-1,-1,-1,-1,0,-1,-1,-1,-1,-1,-1,-1,-1,-1,-1,-1,-1,-1,-1,-1,-1,-1,-1,0,0,-1,-1,0,-1,-1,-1,-1,-1,-1,-1,0,-1,0,0,-1,-1,0,0,-1,-1,-1,-1,-1,-1,-1,-1,-1,-1,0,-1,-1,0,-1,-1,-1,-1,-1,0,-1,-1,0,-1,0,-1,-1,-1,-1,-1,-1,-1,-1,-1,-1,-1,-1,-1,0,-1,-1,0,-1,-1,0,-1,-1,-1,-1,-1,-1,0,-1,0,-1,0,-1,-1,-1,0,-1,-1,-1,-1,-1,0,-1,-1,-1,-1,-1,0,-1,-1,-1,-1,-1,-1,-1,-1,-1,0,-1,0,-1,-1,-1,-1,-1,-1,0,-1,-1,-1,-1,-1,-1,-1,0,-1,-1,-1,0,-1,0,-1,0,-1,-1,-1,-1,-1,-1,-1,-1,0,-1,-1,0,0,-1,-1,-1,-1,-1,-1,-1,-1,-1,-1,-1,0,-1,-1,-1,-1,-1,-1,-1,-1,-1,-1,-1,-1,-1,-1,-1,-1,-1,0,0,-1,-1,-1,0,0,-1,-1,-1,-1,-1,-1,-1,-1,-1,-1,0,0,-1,-1,0,-1,0,-1,-1,-1,-1,-1,-1,-1,0,-1,-1,-1,-1,-1,-1,-1,-1,-1,-1,-1,0,-1,-1,-1,-1,-1,-1,-1,-1,-1,-1,-1,-1,-1,-1,-1,-1,-1,-1,-1,-1,-1,-1,-1,-1,-1,-1,-1,-1,-1,-1,-1,-1,-1,-1,0,-1,-1,-1,-1,-1,0,-1,-1,-1,-1,0,-1,-1,-1,-1,-1,-1,-1,-1,-1,0,-1,-1,-1,-1,-1,-1,-1,-1,0,-1,-1,-1,-1,-1,-1,-1,-1,-1,-1,-1,0,-1,-1,-1,0,-1,-1,-1,-1,-1,-1,-1,-1,-1,-1,-1,-1,-1,0,-1,-1,0,0,-1,-1,-1,0,-1,-1,-1,-1,-1,-1,-1,-1,-1,-1,0,-1,-1,-1,-1,-1,-1,-1,-1,-1,-1,-1,-1,-1,-1,-1,-1,-1,-1,0,-1,0,-1,0,-1,-1,0,-1,-1,-1,-1,-1,-1,-1,-1,-1,-1,0,-1,-1,-1,-1,-1,-1,-1,-1,-1,-1,0,0,-1,-1,-1,-1,-1,-1,-1,-1,0,-1,-1,0,-1,-1,-1,-1,-1,-1,-1,-1,0,-1,-1,-1,-1,-1,-1,-1,-1,-1,-1,-1,-1,-1,-1,-1,-1,-1,-1,-1,-1,-1,-1,-1,-1,-1,-1,-1,-1,-1,-1,-1,-1,-1,-1,-1,-1,-1,-1,-1,-1,-1,-1,-1,-1,-1,-1,-1,-1,0,-1,-1,-1,-1,-1,-1,0,-1,-1,-1,0,-1,-1,-1,0,-1,-1,-1,-1,-1,-1,-1,-1,-1,0,-1,-1,0,-1,-1,-1,-1,-1,-1,-1,-1,-1,-1,-1,-1,-1,-1,-1,-1,-1,-1,-1,-1,-1,-1,-1,-1,-1,-1,-1,-1,0,-1,-1,-1,-1,-1,-1,-1,-1,-1,-1,-1,-1,0,-1,-1,0,-1,-1,-1,-1,0,-1,0,0,-1,-1,-1,-1,-1,-1,-1]

subspace: [2, 3, 7]
[-1,0,-1,-1,0,-1,-1,-1,-1,-1,-1,-1,-1,0,-1,-1,-1,-1,-1,-1,0,-1,-1,0,-1,-1,-1,0,0,-1,0,0,-1,-1,-1,-1,-1,-1,-1,-1,-1,-1,-1,-1,-1,0,-1,-1,0,-1,0,-1,0,-1,0,0,0,-1,-1,-1,-1,-1,-1,-1,-1,-1,-1,-1,-1,-1,-1,-1,-1,0,-1,0,-1,-1,-1,-1,0,-1,0,-1,-1,-1,-1,-1,-1,-1,-1,-1,-1,-1,-1,-1,-1,0,-1,-1,-1,-1,-1,-1,-1,-1,-1,-1,-1,-1,-1,-1,-1,-1,0,-1,-1,-1,-1,-1,-1,-1,-1,0,-1,-1,-1,-1,-1,-1,-1,-1,-1,0,0,-1,-1,-1,-1,-1,-1,-1,-1,-1,-1,-1,-1,-1,-1,-1,-1,-1,0,0,-1,-1,-1,-1,-1,-1,-1,-1,-1,-1,-1,-1,-1,-1,-1,-1,-1,-1,0,-1,-1,-1,-1,-1,-1,-1,0,-1,0,-1,-1,-1,-1,-1,0,-1,-1,-1,-1,-1,-1,-1,0,0,-1,-1,-1,-1,-1,-1,-1,-1,0,-1,-1,-1,-1,0,-1,0,-1,-1,-1,0,-1,-1,-1,-1,-1,-1,-1,-1,-1,-1,-1,-1,-1,-1,0,-1,-1,-1,-1,-1,-1,-1,-1,-1,-1,-1,-1,-1,-1,-1,-1,-1,0,-1,-1,-1,-1,-1,-1,-1,-1,-1,0,-1,-1,0,-1,-1,-1,-1,-1,-1,-1,0,-1,-1,-1,-1,-1,0,-1,0,-1,-1,0,-1,-1,-1,-1,-1,-1,-1,-1,-1,-1,0,-1,-1,0,-1,-1,-1,-1,-1,-1,-1,-1,-1,-1,-1,0,-1,-1,-1,0,-1,0,-1,-1,-1,-1,-1,-1,-1,-1,-1,-1,-1,-1,-1,0,-1,-1,-1,-1,-1,-1,-1,-1,0,0,-1,-1,-1,0,0,-1,-1,-1,-1,-1,-1,-1,-1,0,-1,-1,-1,-1,-1,0,-1,0,-1,-1,-1,-1,-1,-1,-1,-1,-1,-1,-1,-1,-1,-1,-1,-1,-1,-1,0,-1,-1,-1,0,-1,0,-1,0,-1,-1,-1,-1,0,-1,-1,-1,-1,-1,-1,-1,-1,-1,0,-1,-1,-1,0,-1,-1,0,0,-1,0,-1,-1,0,0,0,0,-1,0,-1,-1,-1,-1,-1,-1,-1,-1,-1,-1,-1,0,-1,-1,-1,-1,-1,-1,0,-1,-1,-1,-1,-1,-1,-1,-1,-1,0,-1,-1,-1,-1,0,-1,-1,-1,-1,-1,-1,-1,-1,-1,-1,-1,-1,-1,-1,-1,-1,-1,-1,-1,-1,-1,0,-1,-1,-1,-1,0,-1,-1,-1,-1,-1,-1,-1,-1,-1,-1,-1,0,-1,-1,-1,-1,-1,-1,-1,0,-1,0,-1,-1,-1,-1,-1,-1,0,-1,-1,-1,-1,-1,-1,-1,-1,-1,-1,-1,-1,-1,-1,-1,-1,-1,-1,-1,-1,-1,0,-1,-1,-1,-1,-1,-1,-1,-1,-1,0,-1,-1,-1,0,-1,-1,-1,-1,0,-1,-1,-1,-1,-1,-1,-1,-1,-1,-1,-1,-1,-1,-1,-1,-1,0,-1,-1,-1,-1,-1,-1,-1,-1,-1,0,-1,-1,-1,0,-1,-1,-1,-1,-1,-1,-1,-1,-1,-1,-1,-1,-1,-1,0,0,-1,-1,-1,-1,0,-1,-1,-1,0,-1,-1,-1,-1,-1,-1,-1,-1,-1,-1,-1,-1,-1,-1,0,-1,-1,-1,-1,-1,-1,-1,0,-1,-1,-1,-1,-1,-1,-1,-1,-1,-1,-1,-1,-1,-1,-1,-1,-1,-1,-1,-1,-1,0,-1,0,-1,-1,-1,-1,0,-1,-1,-1,-1,-1,-1,-1,-1,-1,-1,-1,-1,0,-1,-1,-1,-1,0,-1,-1,-1,-1,-1,-1,-1,-1,-1,0,-1,-1,-1,-1,-1,-1,-1,-1,0,-1,-1,-1,-1,0,-1,-1,-1,-1,-1,-1,-1,0,0,-1,-1,-1,-1,-1,-1,-1,-1,-1,-1,-1,0,-1,-1,-1,-1,-1,0,-1,-1,-1,0,-1,-1,-1,-1,-1,-1,-1,0,-1,-1,-1,-1,-1,-1,-1,-1,-1,0,-1,-1,0,-1,-1,0,-1,-1,-1,0,-1,-1,-1,-1,-1,0,-1,-1,-1,0,0,-1,-1,-1,-1,-1,-1,-1,-1,-1,-1,-1,-1,-1,-1,-1,0,-1,-1,0,-1,-1,-1,-1,-1,0,-1,-1,-1,-1]

subspace: [2, 4, 5]
[-1,-1,-1,0,-1,-1,-1,-1,-1,0,-1,-1,-1,-1,0,-1,-1,-1,-1,-1,0,-1,-1,-1,-1,-1,-1,-1,-1,-1,-1,0,-1,-1,-1,-1,-1,-1,-1,-1,-1,-1,-1,-1,-1,-1,-1,-1,0,-1,-1,-1,-1,-1,-1,-1,0,-1,-1,-1,-1,-1,-1,-1,-1,-1,-1,-1,-1,-1,-1,-1,-1,-1,-1,-1,-1,-1,-1,-1,0,-1,0,0,-1,-1,-1,0,-1,-1,-1,-1,-1,-1,-1,-1,-1,0,-1,-1,-1,-1,-1,-1,-1,-1,-1,-1,-1,-1,-1,-1,-1,-1,-1,-1,-1,-1,-1,0,-1,-1,-1,-1,-1,-1,-1,-1,-1,-1,-1,-1,-1,-1,0,-1,-1,-1,-1,-1,-1,0,-1,-1,-1,-1,-1,0,-1,-1,-1,-1,-1,0,-1,0,0,-1,-1,-1,-1,-1,-1,-1,-1,-1,-1,-1,-1,0,-1,-1,0,-1,-1,-1,-1,-1,0,-1,-1,-1,-1,-1,0,-1,-1,-1,-1,-1,-1,-1,-1,-1,-1,-1,-1,-1,-1,-1,-1,-1,-1,-1,-1,0,-1,0,-1,-1,-1,-1,-1,-1,-1,0,0,-1,-1,-1,-1,-1,-1,-1,-1,-1,-1,-1,-1,-1,-1,-1,-1,0,-1,-1,-1,-1,-1,-1,-1,-1,-1,-1,-1,-1,-1,-1,-1,-1,-1,-1,-1,-1,-1,-1,-1,-1,-1,-1,-1,-1,-1,-1,-1,-1,-1,-1,-1,-1,-1,-1,-1,-1,-1,-1,-1,0,-1,0,-1,-1,0,-1,-1,-1,-1,-1,-1,-1,-1,-1,-1,-1,-1,-1,-1,-1,-1,-1,0,-1,-1,-1,-1,-1,-1,-1,-1,-1,-1,-1,-1,-1,-1,-1,-1,-1,-1,-1,-1,-1,-1,-1,-1,-1,-1,-1,-1,-1,-1,-1,-1,-1,-1,-1,-1,-1,0,-1,-1,0,-1,-1,-1,-1,0,-1,-1,-1,-1,-1,-1,-1,-1,-1,-1,-1,-1,-1,0,-1,-1,-1,-1,-1,-1,-1,-1,-1,-1,-1,-1,-1,0,-1,-1,0,0,-1,-1,-1,-1,-1,-1,0,-1,-1,-1,-1,-1,0,-1,-1,-1,-1,-1,-1,-1,-1,-1,-1,-1,-1,-1,0,-1,0,-1,0,0,0,-1,-1,-1,-1,-1,-1,0,-1,-1,-1,0,-1,-1,-1,-1,-1,-1,-1,-1,-1,-1,-1,-1,-1,0,-1,-1,-1,-1,-1,0,-1,-1,-1,-1,-1,-1,-1,-1,-1,-1,-1,-1,-1,-1,-1,-1,-1,-1,-1,-1,-1,-1,-1,-1,-1,-1,-1,0,-1,-1,-1,-1,-1,-1,-1,-1,-1,-1,-1,-1,-1,-1,-1,-1,-1,0,-1,-1,-1,-1,-1,-1,-1,-1,-1,-1,-1,0,-1,-1,-1,-1,0,-1,-1,-1,-1,-1,-1,-1,-1,-1,0,-1,0,-1,-1,0,-1,0,-1,-1,-1,-1,-1,-1,-1,-1,-1,-1,-1,-1,-1,-1,-1,-1,-1,0,0,-1,-1,-1,-1,0,-1,-1,-1,-1,-1,-1,-1,-1,-1,0,-1,-1,-1,-1,-1,-1,-1,-1,-1,-1,-1,-1,-1,-1,0,-1,-1,-1,-1,-1,-1,-1,-1,-1,-1,0,-1,-1,-1,-1,-1,-1,-1,-1,-1,-1,-1,-1,-1,-1,-1,-1,-1,0,-1,-1,0,-1,-1,-1,-1,-1,-1,-1,-1,0,-1,0,-1,-1,-1,-1,0,-1,-1,-1,-1,-1,-1,-1,-1,-1,-1,-1,-1,-1,-1,-1,-1,-1,-1,-1,-1,-1,-1,-1,-1,-1,-1,-1,-1,-1,-1,-1,-1,-1,-1,0,-1,-1,-1,0,-1,-1,-1,-1,-1,-1,-1,-1,-1,-1,-1,-1,-1,-1,0,-1,-1,-1,0,-1,-1,0,-1,-1,-1,-1,-1,-1,-1,-1,-1,-1,-1,-1,-1,0,-1,-1,-1,-1,-1,-1,-1,-1,-1,-1,-1,-1,-1,-1,-1,0,-1,-1,-1,-1,-1,-1,-1,-1,-1,-1,-1,-1,-1,-1,-1,0,-1,-1,-1,-1,-1,-1,-1,-1,-1,-1,-1,-1,-1,-1,-1,-1,-1,-1,-1,-1,-1,-1,-1,0,-1,-1,0,-1,-1,0,-1,-1,-1,0,-1,-1,-1,-1,-1,-1,-1,-1,-1,0,-1,0,-1,-1,-1,-1,-1,-1,-1,-1,-1,-1,0,-1,0,-1,-1,-1,-1,-1,-1,0,0,-1,-1,-1,-1,-1,-1,-1]

subspace: [8, 2, 7]
[-1,-1,-1,-1,-1,-1,-1,-1,-1,-1,-1,-1,-1,0,-1,-1,-1,-1,-1,-1,-1,-1,-1,-1,-1,-1,-1,-1,-1,-1,-1,-1,-1,-1,-1,-1,-1,-1,-1,-1,-1,-1,-1,-1,-1,-1,-1,-1,-1,-1,-1,-1,-1,-1,-1,0,0,-1,-1,-1,-1,-1,-1,-1,-1,-1,-1,-1,-1,-1,-1,-1,-1,0,-1,0,-1,-1,-1,-1,-1,-1,-1,0,-1,-1,-1,-1,-1,0,-1,-1,-1,0,-1,-1,-1,-1,-1,0,-1,-1,0,-1,-1,-1,-1,-1,-1,0,-1,-1,-1,-1,-1,-1,-1,-1,-1,-1,-1,-1,-1,0,-1,-1,-1,-1,-1,-1,-1,-1,-1,0,0,-1,-1,-1,-1,-1,0,-1,0,-1,-1,-1,-1,-1,-1,-1,-1,-1,-1,0,-1,-1,-1,-1,-1,-1,-1,-1,-1,-1,-1,-1,-1,-1,-1,0,-1,-1,-1,-1,0,-1,-1,-1,-1,-1,-1,-1,-1,-1,-1,-1,-1,-1,-1,-1,-1,-1,-1,-1,-1,-1,0,-1,0,-1,-1,-1,-1,-1,-1,-1,-1,-1,-1,0,-1,-1,-1,-1,-1,-1,0,0,-1,-1,-1,-1,-1,-1,-1,0,-1,-1,0,0,-1,-1,-1,-1,-1,-1,-1,-1,-1,-1,-1,-1,-1,-1,-1,-1,-1,-1,-1,-1,-1,-1,-1,-1,-1,-1,-1,-1,-1,0,-1,-1,-1,0,-1,-1,-1,-1,-1,-1,-1,-1,-1,-1,-1,-1,-1,-1,-1,-1,-1,-1,-1,-1,-1,-1,0,0,-1,-1,-1,-1,-1,-1,0,-1,0,0,-1,-1,-1,-1,-1,-1,-1,-1,-1,-1,-1,0,-1,-1,-1,-1,-1,-1,-1,-1,-1,-1,-1,0,-1,-1,-1,-1,-1,-1,-1,-1,-1,-1,-1,0,-1,-1,-1,-1,-1,-1,-1,-1,-1,-1,-1,-1,-1,-1,-1,-1,-1,-1,0,-1,-1,-1,0,-1,-1,-1,-1,-1,-1,-1,-1,-1,-1,-1,-1,-1,-1,-1,-1,-1,-1,-1,-1,0,-1,-1,-1,-1,-1,-1,-1,0,-1,-1,-1,-1,-1,-1,0,0,-1,0,-1,-1,-1,-1,-1,-1,0,-1,-1,-1,-1,0,-1,-1,-1,-1,0,-1,-1,0,-1,-1,-1,-1,0,-1,-1,-1,-1,-1,0,-1,-1,-1,-1,-1,-1,-1,-1,-1,-1,-1,-1,-1,-1,-1,-1,-1,-1,0,-1,-1,-1,-1,-1,-1,0,-1,0,-1,0,-1,-1,-1,-1,-1,-1,-1,-1,-1,-1,-1,-1,-1,0,-1,-1,0,-1,-1,-1,-1,-1,-1,-1,0,-1,-1,-1,-1,-1,-1,-1,-1,-1,-1,-1,-1,-1,-1,-1,-1,-1,-1,-1,-1,-1,-1,-1,-1,0,-1,-1,-1,0,-1,-1,-1,-1,-1,-1,-1,-1,-1,-1,-1,-1,-1,-1,0,-1,-1,-1,-1,-1,-1,-1,-1,-1,0,-1,-1,-1,-1,-1,-1,0,-1,0,-1,-1,-1,-1,-1,-1,-1,-1,-1,-1,-1,-1,-1,-1,-1,-1,-1,-1,-1,-1,-1,-1,-1,-1,-1,-1,-1,-1,-1,-1,-1,0,-1,-1,-1,-1,-1,0,-1,-1,-1,-1,-1,-1,-1,-1,-1,-1,-1,-1,-1,-1,0,0,-1,-1,-1,-1,0,-1,0,-1,-1,0,-1,-1,-1,0,-1,-1,-1,-1,-1,-1,-1,-1,-1,-1,-1,-1,-1,-1,0,-1,-1,0,-1,-1,-1,-1,-1,-1,-1,0,-1,-1,-1,-1,-1,-1,-1,-1,-1,-1,-1,-1,-1,-1,-1,-1,-1,-1,-1,-1,-1,-1,-1,-1,0,-1,-1,-1,-1,0,-1,-1,-1,-1,-1,-1,-1,-1,0,-1,-1,-1,-1,-1,-1,-1,-1,-1,-1,-1,-1,-1,-1,-1,-1,-1,-1,-1,-1,-1,-1,-1,-1,-1,-1,-1,-1,-1,-1,-1,0,-1,-1,-1,-1,-1,-1,-1,-1,-1,-1,-1,-1,0,0,-1,-1,0,-1,-1,-1,-1,-1,-1,-1,-1,0,-1,0,-1,0,0,-1,0,-1,-1,-1,0,-1,-1,-1,0,-1,-1,-1,-1,-1,0,0,-1,-1,-1,-1,-1,-1,-1,-1,0,-1,-1,-1,0,-1,0,-1,-1,-1,-1,-1,-1,-1,-1,-1,-1,-1,-1,-1,-1,-1,-1,-1,-1,-1,-1,-1,-1,-1,-1,-1,-1,-1,-1]

subspace: [9, 2, 7]
[-1,-1,-1,-1,0,-1,-1,-1,-1,-1,-1,-1,-1,-1,-1,-1,-1,-1,-1,-1,-1,-1,0,-1,-1,-1,-1,-1,-1,-1,-1,-1,-1,-1,-1,0,-1,-1,-1,-1,-1,-1,-1,-1,-1,-1,-1,-1,0,-1,0,-1,-1,-1,-1,0,0,0,-1,-1,-1,-1,-1,-1,-1,-1,-1,-1,-1,-1,-1,-1,-1,-1,-1,-1,-1,-1,-1,-1,-1,-1,-1,-1,-1,-1,0,-1,-1,-1,-1,-1,-1,-1,-1,-1,-1,-1,-1,-1,-1,-1,-1,-1,-1,-1,-1,-1,-1,-1,-1,-1,-1,-1,0,-1,-1,-1,-1,-1,-1,-1,-1,-1,-1,-1,-1,-1,-1,-1,-1,-1,-1,-1,-1,-1,-1,-1,-1,-1,0,-1,-1,-1,-1,-1,-1,-1,-1,-1,-1,-1,-1,-1,-1,0,0,-1,-1,-1,-1,-1,-1,-1,-1,-1,-1,-1,-1,-1,-1,-1,0,-1,0,-1,-1,-1,0,-1,-1,-1,-1,-1,-1,-1,-1,-1,-1,-1,-1,-1,-1,-1,-1,-1,-1,0,-1,-1,-1,-1,-1,-1,-1,-1,-1,-1,-1,-1,0,-1,-1,-1,-1,-1,-1,-1,-1,-1,-1,-1,-1,-1,-1,-1,-1,-1,-1,-1,-1,-1,-1,-1,-1,-1,-1,-1,-1,-1,-1,-1,-1,-1,-1,-1,-1,-1,-1,-1,0,-1,-1,-1,-1,-1,-1,-1,-1,-1,-1,-1,-1,-1,-1,-1,-1,0,-1,-1,-1,-1,-1,-1,-1,-1,-1,-1,-1,-1,-1,0,-1,-1,-1,-1,-1,-1,-1,-1,-1,-1,-1,-1,0,-1,-1,-1,-1,-1,-1,-1,-1,-1,-1,-1,-1,-1,-1,0,-1,-1,-1,-1,-1,-1,-1,-1,-1,-1,-1,-1,-1,-1,-1,-1,0,-1,-1,-1,-1,-1,-1,0,-1,-1,-1,0,-1,-1,0,0,-1,-1,-1,-1,-1,-1,-1,-1,-1,-1,-1,-1,-1,-1,-1,-1,0,-1,0,-1,-1,-1,-1,-1,-1,-1,-1,-1,-1,-1,-1,0,-1,-1,-1,-1,0,-1,-1,-1,-1,-1,-1,0,-1,-1,-1,-1,-1,-1,-1,-1,-1,0,-1,-1,0,-1,-1,-1,-1,-1,-1,-1,-1,-1,-1,0,-1,-1,0,-1,-1,-1,0,0,-1,-1,-1,-1,-1,-1,-1,-1,0,-1,-1,-1,-1,-1,-1,-1,0,-1,-1,-1,-1,-1,-1,-1,-1,-1,-1,-1,-1,-1,-1,0,-1,0,-1,-1,0,-1,-1,-1,-1,-1,-1,-1,-1,-1,-1,-1,-1,-1,-1,-1,-1,-1,-1,-1,-1,-1,-1,-1,-1,-1,-1,-1,-1,-1,-1,-1,-1,-1,0,-1,-1,-1,-1,-1,-1,-1,-1,-1,-1,-1,0,-1,-1,-1,-1,-1,0,-1,-1,-1,-1,-1,-1,-1,-1,0,-1,-1,-1,-1,0,-1,-1,-1,-1,-1,-1,-1,-1,-1,-1,-1,-1,-1,-1,0,0,-1,-1,-1,-1,0,-1,-1,0,-1,-1,-1,-1,-1,-1,-1,-1,-1,-1,-1,0,-1,-1,-1,-1,-1,-1,-1,-1,-1,-1,-1,-1,-1,-1,-1,-1,-1,-1,-1,-1,-1,-1,-1,-1,-1,-1,-1,-1,-1,-1,-1,-1,-1,-1,-1,-1,-1,-1,-1,-1,-1,-1,-1,-1,-1,-1,-1,0,-1,0,-1,-1,-1,-1,-1,-1,-1,-1,-1,-1,0,-1,0,-1,0,-1,-1,-1,-1,-1,0,-1,0,-1,-1,-1,-1,-1,-1,-1,-1,-1,-1,-1,-1,-1,-1,-1,-1,-1,-1,-1,-1,-1,0,-1,-1,-1,-1,-1,-1,-1,-1,-1,-1,-1,-1,-1,-1,-1,-1,-1,-1,-1,0,-1,-1,-1,-1,-1,-1,-1,-1,-1,0,-1,-1,-1,-1,-1,-1,0,-1,-1,0,-1,-1,0,-1,-1,-1,-1,-1,-1,-1,-1,-1,-1,-1,-1,-1,-1,-1,-1,-1,-1,0,-1,-1,-1,-1,-1,-1,-1,-1,-1,-1,-1,-1,-1,-1,-1,-1,-1,-1,-1,-1,-1,-1,-1,0,-1,0,0,-1,-1,-1,-1,-1,0,-1,-1,-1,-1,0,-1,-1,-1,-1,-1,0,-1,-1,0,0,-1,-1,-1,-1,-1,-1,0,-1,0,-1,-1,-1,-1,-1,-1,-1,-1,-1,-1,-1,0,-1,-1,0,-1,-1,-1,-1,-1,-1,0,-1,-1,-1,-1,-1,-1,-1,-1]

subspace: [2, 3, 5]
[-1,-1,-1,-1,-1,-1,-1,-1,-1,0,-1,-1,-1,0,-1,-1,-1,-1,-1,-1,0,-1,-1,-1,-1,-1,-1,-1,-1,-1,-1,0,-1,-1,-1,-1,-1,-1,-1,-1,-1,0,0,-1,-1,0,0,-1,0,-1,0,-1,-1,0,0,0,0,-1,-1,-1,-1,-1,-1,-1,-1,-1,-1,0,-1,-1,-1,-1,-1,-1,-1,-1,-1,-1,-1,-1,0,-1,0,-1,-1,-1,-1,-1,-1,-1,0,-1,-1,-1,-1,0,-1,0,-1,-1,-1,-1,-1,-1,-1,-1,-1,-1,-1,-1,-1,-1,-1,-1,-1,-1,-1,-1,-1,-1,-1,-1,-1,-1,-1,0,-1,-1,-1,-1,-1,-1,-1,-1,0,-1,-1,-1,-1,-1,-1,-1,-1,-1,-1,-1,-1,-1,-1,-1,-1,-1,-1,0,-1,-1,-1,-1,-1,-1,-1,-1,-1,-1,-1,-1,-1,-1,-1,-1,-1,-1,0,-1,-1,-1,-1,-1,-1,-1,0,-1,0,-1,-1,-1,-1,-1,-1,-1,-1,-1,-1,-1,-1,-1,-1,-1,-1,-1,-1,-1,-1,-1,-1,0,0,-1,-1,-1,-1,-1,-1,-1,-1,-1,-1,-1,-1,-1,-1,-1,-1,-1,-1,-1,-1,-1,-1,-1,-1,-1,0,-1,-1,0,-1,-1,-1,-1,-1,-1,-1,-1,-1,-1,-1,-1,-1,-1,0,-1,-1,-1,-1,-1,-1,-1,-1,-1,0,-1,-1,-1,-1,-1,-1,-1,-1,-1,-1,0,-1,-1,-1,-1,-1,0,-1,0,-1,-1,0,-1,-1,-1,-1,-1,-1,-1,-1,-1,-1,0,-1,-1,0,-1,-1,-1,-1,-1,-1,-1,0,-1,-1,-1,0,-1,0,-1,-1,-1,-1,-1,-1,-1,-1,-1,-1,-1,-1,-1,-1,-1,-1,-1,0,-1,0,-1,-1,-1,-1,0,-1,-1,0,-1,-1,-1,-1,-1,-1,-1,-1,-1,-1,-1,-1,-1,0,-1,-1,-1,-1,-1,-1,-1,0,-1,-1,-1,-1,-1,-1,-1,-1,-1,-1,-1,-1,-1,-1,-1,-1,-1,-1,0,-1,-1,-1,0,-1,0,-1,0,-1,-1,-1,-1,0,-1,-1,-1,-1,-1,-1,-1,-1,-1,0,-1,-1,-1,0,-1,-1,0,0,-1,-1,-1,-1,-1,-1,0,0,-1,-1,-1,-1,-1,-1,-1,-1,-1,-1,-1,-1,-1,-1,-1,-1,-1,-1,-1,-1,0,-1,-1,-1,0,-1,-1,-1,-1,-1,0,-1,-1,-1,-1,0,-1,-1,-1,-1,-1,-1,-1,-1,-1,-1,-1,-1,-1,-1,-1,-1,-1,-1,-1,-1,-1,-1,-1,-1,-1,-1,-1,-1,-1,-1,-1,-1,-1,-1,-1,-1,-1,-1,-1,-1,-1,0,-1,-1,0,-1,0,-1,-1,-1,-1,-1,-1,-1,-1,-1,-1,-1,-1,-1,-1,-1,-1,-1,-1,-1,-1,-1,-1,-1,-1,-1,-1,-1,-1,-1,-1,-1,-1,-1,-1,-1,-1,-1,-1,-1,-1,0,-1,-1,-1,0,-1,-1,-1,-1,0,-1,-1,-1,-1,-1,-1,-1,-1,-1,-1,-1,-1,-1,-1,-1,-1,0,-1,-1,-1,-1,-1,-1,-1,-1,-1,-1,-1,-1,-1,0,-1,-1,-1,-1,-1,-1,-1,-1,-1,-1,-1,-1,-1,-1,-1,-1,-1,0,-1,-1,0,-1,-1,-1,0,-1,-1,0,-1,-1,-1,-1,-1,-1,-1,-1,-1,0,-1,-1,-1,-1,-1,-1,-1,-1,-1,-1,-1,-1,-1,-1,-1,-1,-1,-1,-1,-1,-1,-1,-1,-1,-1,-1,-1,-1,-1,-1,-1,0,-1,0,-1,-1,-1,-1,-1,-1,0,-1,-1,-1,-1,-1,-1,-1,-1,-1,-1,-1,-1,-1,-1,-1,0,-1,-1,-1,-1,-1,-1,0,-1,-1,0,-1,-1,-1,-1,-1,-1,-1,-1,-1,-1,-1,-1,-1,0,-1,-1,-1,-1,-1,-1,-1,0,0,-1,-1,-1,-1,-1,-1,-1,-1,-1,-1,-1,-1,-1,-1,-1,-1,-1,-1,-1,-1,-1,0,-1,-1,-1,-1,-1,-1,-1,0,-1,-1,0,-1,-1,-1,-1,-1,-1,0,-1,-1,0,-1,-1,0,-1,-1,-1,0,-1,-1,-1,-1,-1,0,-1,-1,-1,0,-1,-1,-1,-1,-1,-1,-1,-1,-1,-1,-1,-1,-1,-1,-1,-1,-1,-1,-1,-1,-1,-1,-1,-1,-1,0,-1,-1,-1,-1]

subspace: [2, 5, 6]
[-1,-1,-1,-1,-1,0,-1,0,0,0,-1,-1,-1,0,-1,-1,-1,-1,-1,-1,0,-1,-1,-1,-1,-1,-1,-1,-1,0,-1,0,-1,-1,-1,-1,-1,-1,-1,-1,-1,-1,-1,-1,-1,0,-1,-1,0,-1,-1,-1,-1,-1,-1,-1,-1,-1,-1,-1,-1,-1,0,-1,-1,-1,-1,-1,-1,0,-1,-1,-1,-1,-1,-1,-1,-1,-1,-1,0,-1,0,0,-1,-1,-1,-1,-1,-1,-1,-1,-1,-1,-1,-1,-1,-1,-1,-1,-1,-1,-1,-1,-1,-1,-1,-1,-1,-1,-1,0,-1,-1,-1,-1,-1,-1,-1,-1,-1,-1,-1,-1,0,-1,-1,0,-1,-1,-1,-1,-1,-1,-1,-1,-1,-1,-1,-1,-1,-1,-1,-1,-1,-1,-1,0,-1,-1,-1,-1,-1,-1,-1,-1,-1,-1,-1,-1,-1,-1,-1,-1,0,-1,-1,-1,-1,0,-1,-1,-1,-1,0,-1,-1,-1,0,-1,-1,-1,-1,0,-1,-1,-1,-1,-1,-1,-1,-1,-1,-1,-1,0,-1,-1,-1,-1,-1,-1,-1,-1,-1,-1,0,-1,-1,-1,-1,-1,-1,-1,-1,0,0,-1,-1,-1,-1,-1,-1,-1,-1,-1,-1,-1,-1,-1,-1,-1,-1,-1,-1,-1,-1,-1,0,-1,-1,-1,-1,-1,-1,-1,-1,-1,-1,-1,-1,-1,-1,-1,-1,-1,-1,0,-1,-1,-1,-1,-1,-1,-1,-1,-1,-1,0,-1,-1,0,-1,-1,-1,-1,-1,-1,-1,0,-1,0,0,-1,-1,0,0,-1,-1,-1,-1,-1,-1,-1,-1,-1,-1,0,-1,-1,0,-1,-1,-1,-1,-1,0,-1,-1,-1,-1,0,-1,-1,-1,-1,-1,-1,-1,-1,-1,-1,-1,-1,-1,0,-1,-1,0,-1,-1,0,-1,-1,-1,-1,-1,-1,0,-1,-1,-1,-1,-1,-1,-1,0,-1,0,-1,-1,-1,0,-1,-1,-1,-1,-1,-1,-1,-1,-1,-1,-1,-1,-1,-1,-1,-1,-1,0,-1,-1,-1,0,-1,-1,0,-1,-1,-1,-1,-1,-1,0,0,-1,-1,-1,0,-1,0,-1,-1,-1,-1,-1,-1,-1,-1,-1,-1,0,-1,-1,0,0,-1,-1,-1,-1,-1,-1,-1,-1,-1,-1,-1,0,-1,-1,-1,-1,-1,-1,-1,-1,-1,-1,-1,-1,-1,-1,-1,-1,-1,0,-1,-1,-1,-1,-1,0,-1,-1,-1,-1,-1,-1,-1,-1,-1,-1,0,0,-1,-1,0,-1,0,-1,-1,-1,-1,-1,0,-1,-1,-1,-1,-1,-1,-1,-1,-1,-1,-1,0,-1,0,0,-1,-1,-1,-1,-1,-1,-1,-1,-1,-1,-1,-1,-1,-1,-1,0,-1,-1,-1,-1,-1,-1,-1,-1,-1,-1,-1,-1,-1,-1,-1,-1,-1,-1,-1,-1,-1,-1,-1,0,-1,-1,-1,-1,-1,-1,-1,-1,-1,-1,-1,-1,-1,-1,0,-1,-1,-1,-1,-1,-1,-1,-1,-1,-1,-1,-1,-1,-1,-1,-1,-1,-1,-1,-1,0,-1,-1,-1,-1,-1,-1,-1,-1,-1,-1,-1,-1,-1,-1,-1,-1,-1,-1,-1,-1,-1,-1,-1,-1,-1,0,-1,-1,-1,-1,-1,-1,-1,-1,-1,-1,-1,-1,-1,-1,-1,-1,-1,-1,0,-1,-1,-1,-1,-1,-1,-1,-1,-1,-1,0,-1,0,-1,-1,-1,-1,0,-1,-1,-1,-1,-1,-1,-1,-1,-1,-1,-1,-1,-1,-1,-1,-1,-1,-1,-1,-1,-1,0,0,-1,-1,-1,-1,-1,-1,-1,-1,0,-1,-1,0,-1,-1,-1,0,-1,-1,-1,-1,0,-1,-1,-1,-1,-1,-1,-1,-1,-1,-1,-1,-1,-1,-1,-1,-1,0,-1,-1,-1,-1,-1,-1,-1,-1,-1,-1,-1,-1,-1,-1,-1,-1,-1,-1,-1,-1,-1,-1,-1,-1,-1,-1,-1,-1,-1,-1,-1,0,-1,-1,-1,-1,-1,-1,-1,-1,-1,-1,0,-1,-1,-1,0,-1,-1,-1,-1,-1,-1,-1,-1,-1,-1,-1,-1,0,-1,-1,-1,-1,-1,-1,-1,-1,-1,-1,-1,-1,-1,-1,-1,-1,-1,0,-1,-1,-1,-1,-1,-1,-1,-1,-1,-1,0,-1,-1,-1,-1,-1,-1,-1,-1,-1,-1,-1,-1,-1,-1,-1,0,-1,-1,-1,-1,-1,-1,0,0,-1,-1,-1,-1,-1,-1,-1]

subspace: [2, 4, 7]
[-1,-1,-1,-1,0,-1,-1,-1,-1,-1,-1,-1,-1,-1,0,-1,-1,-1,-1,-1,0,-1,-1,0,-1,-1,-1,0,-1,-1,0,0,-1,-1,-1,-1,-1,-1,0,-1,-1,-1,-1,-1,-1,-1,-1,-1,0,-1,-1,-1,-1,-1,-1,-1,0,-1,-1,0,-1,-1,-1,-1,-1,-1,-1,-1,-1,-1,-1,-1,-1,-1,0,-1,-1,-1,-1,-1,0,-1,0,0,-1,-1,-1,0,-1,-1,-1,-1,-1,-1,-1,-1,-1,0,-1,-1,-1,-1,0,-1,-1,-1,-1,-1,-1,-1,-1,-1,-1,-1,0,-1,-1,-1,-1,0,-1,-1,-1,0,-1,-1,-1,-1,-1,-1,-1,-1,-1,-1,0,-1,-1,-1,-1,-1,-1,-1,-1,-1,-1,-1,-1,0,-1,-1,-1,-1,0,0,-1,0,0,-1,-1,-1,-1,-1,-1,-1,-1,-1,-1,-1,-1,0,-1,-1,0,-1,-1,-1,-1,-1,0,-1,-1,-1,-1,-1,-1,-1,-1,-1,0,-1,-1,-1,-1,-1,-1,-1,-1,0,-1,-1,-1,-1,-1,-1,-1,-1,-1,-1,-1,-1,-1,-1,-1,0,-1,0,0,0,-1,-1,-1,-1,-1,-1,-1,-1,-1,-1,-1,-1,-1,-1,-1,0,-1,-1,-1,-1,-1,-1,-1,-1,-1,-1,-1,-1,-1,-1,-1,-1,-1,-1,-1,-1,-1,-1,-1,-1,-1,-1,-1,-1,-1,-1,-1,-1,-1,-1,-1,-1,-1,-1,-1,-1,-1,-1,-1,0,-1,0,-1,-1,0,-1,-1,-1,-1,-1,-1,-1,-1,-1,-1,-1,-1,-1,-1,-1,-1,-1,0,-1,-1,-1,-1,-1,-1,-1,-1,0,-1,-1,-1,-1,-1,-1,-1,-1,-1,-1,-1,-1,-1,-1,-1,-1,-1,-1,-1,-1,-1,-1,-1,-1,-1,-1,-1,-1,0,-1,-1,0,-1,-1,-1,-1,0,-1,-1,-1,-1,-1,-1,-1,-1,-1,-1,-1,-1,-1,0,-1,-1,-1,-1,-1,-1,-1,0,-1,-1,-1,-1,-1,-1,-1,-1,0,0,-1,-1,-1,-1,-1,-1,0,-1,-1,-1,-1,-1,0,-1,0,-1,-1,-1,-1,-1,-1,-1,-1,-1,-1,-1,0,-1,0,-1,0,0,-1,0,-1,-1,0,-1,-1,0,-1,0,-1,0,-1,-1,-1,-1,-1,-1,0,-1,-1,0,-1,-1,-1,0,0,-1,-1,-1,-1,0,-1,-1,-1,-1,-1,-1,-1,-1,-1,-1,-1,-1,-1,-1,-1,-1,-1,-1,-1,-1,-1,-1,-1,-1,0,-1,-1,0,-1,-1,-1,-1,-1,0,-1,-1,-1,-1,-1,-1,-1,-1,-1,-1,-1,0,-1,-1,-1,-1,-1,-1,-1,-1,-1,-1,-1,0,-1,-1,-1,-1,0,-1,-1,-1,-1,-1,-1,-1,-1,0,0,-1,-1,-1,-1,0,-1,0,-1,-1,0,-1,-1,-1,-1,-1,-1,-1,-1,-1,-1,-1,-1,-1,-1,0,0,-1,-1,-1,-1,0,-1,-1,-1,-1,-1,-1,-1,-1,-1,0,-1,-1,-1,-1,-1,-1,-1,-1,-1,-1,-1,-1,-1,-1,-1,-1,0,0,-1,-1,-1,-1,-1,-1,-1,0,-1,-1,-1,-1,-1,-1,-1,-1,-1,-1,-1,-1,-1,-1,-1,-1,-1,-1,-1,-1,0,-1,-1,-1,-1,-1,-1,-1,-1,0,-1,0,-1,-1,-1,-1,0,-1,-1,-1,-1,-1,-1,-1,-1,-1,0,0,-1,-1,-1,-1,-1,-1,-1,-1,-1,-1,-1,-1,-1,-1,-1,-1,-1,-1,-1,-1,-1,-1,-1,0,-1,-1,-1,-1,-1,-1,-1,-1,-1,-1,-1,-1,-1,-1,-1,-1,-1,0,0,-1,-1,-1,0,-1,-1,-1,-1,-1,-1,-1,-1,-1,-1,-1,-1,-1,-1,-1,-1,0,-1,0,-1,-1,-1,-1,-1,-1,-1,-1,-1,-1,-1,-1,-1,0,-1,-1,-1,-1,-1,-1,-1,-1,0,-1,-1,-1,-1,-1,0,0,-1,-1,-1,-1,-1,-1,-1,-1,-1,-1,-1,-1,-1,-1,-1,-1,-1,0,-1,-1,-1,-1,-1,0,-1,-1,0,-1,-1,0,-1,-1,-1,0,-1,-1,-1,-1,-1,-1,-1,-1,-1,0,-1,0,-1,-1,-1,-1,-1,-1,-1,-1,-1,-1,-1,0,0,-1,0,-1,-1,0,0,0,0,-1,-1,-1,-1,-1,-1,-1]

